     139.54766      39.18556       1.68375
    -160.47676      55.34928       1.71827
    -168.06213      65.61498       2.67329
    -165.37346      64.56450       1.79806
    -176.66265      51.86415       1.85667
    -138.89881      59.34037       3.50179
    -135.22830      59.52804       1.44426
    -134.54530      58.41678       1.75855
      -2.08022      57.14401       1.53601
     -61.52754      16.26230       1.72599
      47.22921     -19.01831       1.86736
    -149.72401      60.48133       2.30999
      -8.39893      43.36438       1.58544
     -70.88659      41.74325       1.36164
     -61.08646      16.29686       2.08629
     138.64735     -34.72900       1.41399
      38.76630       9.03513       2.56956
     130.59959      31.82406       1.90264
    -131.59954      55.06907       2.13917
       8.76261      41.92746       1.55242
      -0.48123      38.33892       1.43741
    -123.48747      48.38978       1.94069
     117.81018     -34.95023       1.92166
     -88.07798      30.24917       1.38694
     -78.07137      45.95580       1.51659
     133.88552     -23.67012       1.35022
      -2.45945      36.85253       1.58671
      34.60665      31.70794       1.47619
     -62.34046      82.49429       2.20473
     167.67930     -15.41952       2.78972
       0.99433      49.85939       1.23169
    -104.52459      38.80312       1.46933
      35.87954      32.02855       1.82351
      16.13482      69.32606       1.78450
      16.00870      69.27837       1.73951
     -95.48507      29.30148       2.30652
      32.75847      39.88737       1.82578
     -76.60925      39.01029       2.03225
     -71.53205     -37.33870       1.87432
     -98.57664      29.49121       2.19669
    -118.83032      34.15744       2.52040
     -80.16220      25.73469       1.83013
     -71.49279     -16.46551       1.59012
     -71.49280     -16.46552       1.50102
      -6.78352      61.99737       1.85794
     -97.05896      27.83835       2.27429
      58.56046      56.42982       1.42662
     -14.41207      -7.95121       2.45940
     -82.54620      35.59945       1.65909
    -170.72243     -14.32610       2.19256
     174.83439     -36.60284       1.43898
     174.77042     -36.84376       2.89020
     -97.75632      30.31170       2.14473
      23.00372      40.56682       1.71039
     -68.30357     -54.83953       2.23303
    -166.54184      53.87564       1.89545
     167.09334     -15.64359       2.39727
     102.23498      51.76971       1.36926
      50.60815      26.20914       1.70465
     -68.26333      49.18683       1.83623
     -96.00234      64.31782       1.84537
     106.84891      -6.49105       2.23550
      49.81441      40.37217       1.79487
    -125.13510      48.83533       2.46413
      77.51162      13.03432       2.32738
    -119.02973      33.48045       1.83752
     -68.22169      44.39505       1.41292
    -162.70716      55.19027       2.71310
    -162.70676      55.19042       2.58257
    -126.84264      50.54428       1.96453
       3.13670      42.51532       1.70791
     -48.46255      -1.40879       2.23261
       1.40114      41.59962       1.71701
      -1.53691      43.47196       1.25908
     166.45338      68.06531       1.46318
     166.43796      68.07613       1.14714
     113.09434       3.24032       3.22365
     113.06722       3.26151       4.28626
    -135.53930      56.85449       1.91234
       2.45002       6.38466       1.40509
     115.89249      39.60860       1.51580
     116.22413      40.24533       1.56167
     168.29209     -46.58506       1.33210
    -114.71485      33.61042       1.78802
      -1.82961      49.65920       1.28906
     152.32100     -24.90822       2.29128
     -60.70111       2.84518       1.77752
      21.03534      52.47595       1.09342
     -74.08094       4.64007       1.82543
     -43.42174     -13.25556       2.21076
      17.07346      52.27696       1.13719
       6.66643      53.57891       1.11954
       6.74745      53.56364       1.28586
     -47.87787     -15.94747       1.73387
    -119.68263      48.13152       1.42734
     -38.42554      -3.87745       1.46615
     -64.69627      32.37040       1.33078
     122.20908     -18.00398       1.64860
      -4.49659      48.38049       1.80137
     -69.94658      43.88982       2.38103
       4.35922      50.79782       1.60082
       4.35856      50.79806       1.39090
      35.02298      32.77898       1.92445
      26.12574      44.46394       1.25480
      12.50002      55.73902       1.18784
     -58.51930     -34.57370       2.32296
     -77.01042       3.88202       2.36300
     145.91485     -41.05007       2.01466
     -66.16120      18.40784       1.92715
    -124.56335      42.83610       1.89447
    -124.18430      41.74560       2.21318
       8.97275      39.13591       1.91644
     -75.80733      45.58502       2.45998
       8.97276      39.13589       1.75325
     -77.14932     -12.06288       1.90568
     -90.54017      19.84443       1.82083
      -3.79806      43.47198       1.41403
    -120.43084      35.88835       3.10918
     -75.53385      10.39133       2.36807
     110.51971     -66.28336       1.09395
    -118.89666      37.64464       2.42926
      -9.41852      38.69342       1.40093
     -77.87539      34.34465       2.20262
    -118.48301      33.44577       2.56366
    -118.33381      33.31162       1.76800
     -65.77412     -28.47098       2.10681
     -52.30997       4.94877       3.53958
     142.19503      27.06753       3.45969
     142.18458      27.09558       2.86363
     -80.54523      28.46023       2.22886
     -80.54548      28.45996       1.52799
      -4.36785      40.45343       1.28827
     133.80983     -31.86667       1.30842
     -40.31945     -20.31079       2.05777
      -5.30639      35.89197       1.99835
      -5.31133      35.89605       2.30528
     -68.23265     -31.60217       1.57706
     -79.84287      32.75757       1.74388
     125.44420      43.79069       1.47081
    -176.56584     -43.95579       1.52033
     -84.46565      45.65349       2.68052
     -88.29922      18.49528       1.88987
     -81.80713      24.55048       1.69955
      -0.40770      46.13346       2.00551
     -75.08769      38.77679       1.72110
     -44.98516     -22.68715       1.58331
     -69.95005      41.67120       3.03896
    -176.61711     -43.73547       1.29621
      74.75110      42.99850       1.93445
     -94.08873      58.75908       1.36112
    -122.00843      49.15661       1.85858
    -116.66576      31.87068       1.84364
    -118.12728      34.13671       1.38086
    -159.80061     -21.20103       2.75929
     153.26654     -27.52615       1.53543
    -124.39633      40.44177       2.21670
     -86.82090      21.17465       1.90266
     169.85585     -43.66624       2.03270
     145.74309      15.22970       2.36972
       7.01573      43.55458       1.26181
      96.83397     -12.18835       1.43447
     -81.12168      34.08100       1.90658
     -73.02538     -36.84284       1.49330
     -73.02548     -36.84376       1.66429
     -70.33824     -27.38453       1.59786
     -97.44168      27.74080       2.16846
    -123.30460      44.58554       2.18914
    -117.80889      35.98234       2.53776
    -110.97188      32.22446       1.80498
       2.37412      51.02295       1.05719
     -75.71270      36.90463       2.73065
     -71.89208     -45.51434       2.28210
    -122.25652      46.84009       2.12324
      33.99098      44.41326       2.61856
     166.66824     -77.84804       1.29031
    -117.09968      34.03905       1.17217
     -64.58432      17.75690       2.37909
    -119.78481      34.02926       1.95563
      34.89019      32.48825       1.53393
     -72.04972      41.33530       1.21134
     -71.88914      41.89970       1.47814
      18.46855     -33.95144       2.28197
     -72.48794       7.89846       3.23168
     -56.06987     -15.55526       1.90485
     -65.28252      18.30744       1.85149
     100.53392      13.73592       1.53265
      40.07140      12.06612       3.17862
     127.37448      36.39943       1.40998
     -17.46510      14.68454       2.20216
     -17.43947      14.72123       1.84750
     130.89149     -12.42401       1.69944
     131.13274     -12.84370       2.03256
      77.97261     -68.57732       1.21515
      23.99264     -30.66521       1.78758
      72.37024      -7.26969       1.91336
       2.34475      50.99365       1.33011
      -2.07598      48.58993       1.32450
       1.66164       9.69206       1.79693
     -61.67766      76.35162       0.85997
     -75.52360      39.16009       4.35077
      35.39207      31.59320       1.67516
    -119.62498      49.32262       1.69945
      35.36882      31.03691       1.82566
     -95.86618      50.25881       1.43326
     140.00196     -66.66508       1.58720
     170.59717     -45.88366       1.36300
     170.62941     -45.81432       1.97797
    -122.08016      47.77410       2.46658
      23.93243      38.07855       1.89703
       0.49236      40.82089       2.59229
      -3.29479      55.92479       1.24842
      15.08208      37.51360       1.48410
    -147.11297      64.68794       3.65096
    -109.38329     -27.14821       3.86901
      34.92060      29.50928       1.86877
     -89.86761      16.91606       2.24847
      35.77065      33.18201       1.79240
     -89.94173      29.87896       3.00842
     -66.99213      44.90871       1.47623
       1.56756      50.68035       1.03948
       8.45683      55.49357       1.26654
       8.43977      55.46027       1.57027
       0.97567      42.69358       2.22608
     -64.79871      47.07340       1.32534
     121.89432     -33.87432       1.33718
     167.19192     -15.97367       2.80667
     -86.36213      13.09954       2.57262
      38.76282       9.01986       1.64650
     -85.93759      79.98895       3.24812
     -85.93992      79.98854       3.10633
     -75.87340      23.56405       2.15605
    -145.74986      60.54870       1.92994
       7.49729      43.77443       1.80011
    -149.61430     -17.55531       2.01903
    -147.49924      64.97800       1.56807
    -147.49852      64.97815       3.27372
    -171.99953     -13.83221       2.16194
     -57.87407     -51.69365       1.35386
    -123.00077      37.69721       2.01051
      -1.24883      44.64595       2.46363
       6.73257       0.33767       2.37477
      14.50354     -22.95035       2.33384
    -101.97803      54.72558       1.39718
     -80.37357      25.75460       1.58633
     160.27141     -77.53273       1.37501
     -31.12639      39.45383       2.31462
     -71.44191      42.30006       1.53556
     -61.58197      15.87533       2.97478
     -38.42561      -3.87745       3.18139
      -7.33665      54.98376       2.04596
     -66.65988      45.93351       1.84814
     -58.98050     -62.19410       3.12803
    -178.12094     -14.30781       2.94243
     162.56470     -78.92767       1.24605
    -123.95609      46.20489       2.45236
     -16.90762      32.64795       1.87041
      -8.58909      41.10602       1.64028
     -94.73681      29.32988       2.23146
     -90.30362      -0.74270       1.98499
    -134.96482     -23.13036       4.05406
      20.32294      49.03471       1.57870
      -0.00601      16.25212       1.86609
      12.24944      44.67690       1.38474
     -81.02290      31.98758       1.48595
     -81.37945      19.29295       1.83250
       8.92114      44.41939       1.40488
      11.92293      54.57443       1.07120
     102.10546       6.22619       3.64822
      -5.36499      36.14818       2.43173
      35.41648      32.47934       2.08292
     -90.30367      -0.74300       1.44205
     -76.49946      37.24854       1.68327
      30.49673      50.36418       1.57630
     -15.63427      27.76478       1.36500
     131.01557      30.55645       2.11616
     -76.82683      39.02173       1.32314
     -76.82709      39.02118       1.75263
     -76.82732      39.02052       1.72142
    -116.88925      35.42516       1.93055
      14.78562      49.91370       1.31030
    -114.17970      40.64017       2.32001
      -9.88072     -40.34883       4.25963
       6.92057      43.75474       1.35401
      15.49348      47.06713       1.16323
     -89.95730      29.26553       1.44423
      -3.50798      47.64801       2.62817
     144.86836      13.58933       2.60115
      87.17731      43.47111       1.29358
     -90.52018      14.59040       3.17393
    -118.28968      28.88406       1.75676
      -4.41182      48.44460       1.29220
    -135.69705      58.41776       1.94787
     144.80271      13.43321       1.92776
      36.09992      29.13887       1.96262
     -90.46763      30.51308       1.82400
      27.70724     -25.88696       1.58014
      27.70776     -25.88711       2.98791
    -120.68207      34.46940       2.38449
      -1.77796      49.58066       1.65168
       7.89309      54.17448       1.44142
    -110.96721      29.09255       2.05368
       0.33627      50.86731       1.55275
       0.33435      50.86748       1.59571
      11.38609      47.31290       2.58085
     115.73858     -31.82552       2.15493
    -155.05269      19.71918       2.06229
       9.96755      57.59110       1.18764
     -95.86338      35.68275       1.39121
     -63.61128      44.68355       1.38765
     142.29621     -10.59037       2.13340
    -157.86455      21.30329       2.49174
     -76.13037      38.58882       2.70518
      19.22306     -34.42463       1.85514
     147.43873     -42.80471       1.49627
       8.29339      54.75875       1.46695
     -15.19792      64.26729       1.51014
      10.15680      54.37292       1.17534
    -128.13500      50.64035       1.97836
    -117.76124      70.73630       1.64487
      -4.64207      53.31773       1.12474
    -123.07473      38.99518       2.11993
     170.10551     -43.77733       3.88189
     -61.70306      15.97961       5.03332
     -95.43299      29.77942       2.87681
      27.68698     -25.89010       1.74393
      -1.28389      51.45374       1.24117
      -6.92030      37.19998       1.37739
      92.53241      10.60951       2.67849
      78.55087      17.41726       2.10362
       1.44897      38.91125       1.50138
     -90.52747      19.85346       1.83093
    -111.11027      43.74612       1.89427
       7.63940      45.01513       1.47969
      -5.10846      33.53963       1.56045
     -58.43932     -34.57224       1.90320
    -115.03180      32.70617       1.76768
       4.55606      52.46197       1.35402
     -51.34338     -20.42778       1.74500
     -48.65572     -28.23484       1.92844
     -47.49723      -5.49177       2.02336
    -102.28420      21.85615       1.71456
    -133.52696      68.30619       1.42219
    -110.33074      24.14527       1.40453
     -68.51050      63.75596       1.28874
     -70.13171     -20.27354       1.62718
     -73.26871      -3.76735       2.18566
     104.31618      52.21902       1.23450
     104.31624      52.21902       2.01669
      44.43840      33.34141       1.42180
     -87.05583       5.54434       2.47716
    -109.34441     -27.12498       1.93793
      29.01934      41.10445       1.40822
     132.89390     -12.65885       1.68087
     132.89453     -12.66015       2.03658
     -76.78087      17.93902       3.22064
      57.76390      25.64949       1.64753
      42.10363      16.69918       1.84801
      30.09616      62.39117       1.28737
      21.03235      52.09784       1.18026
      21.03154      52.09727       1.61627
    -118.17323      34.20482       1.75497
    -118.17430      34.20158       1.49537
      35.20245      31.77115       2.00380
     -81.70148      30.48404       1.81869
      35.14506      33.02282       1.56261
     169.77516     -43.60839       2.06222
       8.41126      49.01125       1.63619
     117.09719     -20.98143       1.31025
     132.15327     -14.37600       1.44281
     132.15250     -14.37508       1.51659
      27.78078      35.95148       2.27481
      35.68828      32.99525       1.95877
     120.97774      13.98688       4.57791
    -122.89607      46.11818       2.14837
     -50.94484      66.98742       1.63742
    -151.35018      60.67508       2.15701
      70.25552     -49.35147       2.00680
      70.21793     -49.35218       3.42317
     139.48853      35.70677       1.83569
     139.48812      35.71034       1.54099
     135.04616      48.52145       1.24725
      36.23901      50.00510       1.99717
      -5.05234      58.45877       1.35480
      21.06024      67.87758       1.42986
     172.92290       1.35458       2.02979
      20.96845      67.85735       1.42219
      66.88545      39.13477       2.89024
      21.11888      55.71536       1.42785
     -63.52739      81.25271       1.58892
    -152.19343      57.61769       1.94891
    -152.50138      57.73511       1.78564
    -159.75817      21.98349       2.79225
    -159.66493      22.12626       2.00298
      -3.90241      47.86575       1.32376
      13.72456      45.54811       1.70174
       5.80964      52.17843       1.45675
     -52.80597       5.25219       1.86154
     164.28734     -20.55869       2.54062
     -52.63975       5.09847       1.70468
     -52.80596       5.25218       1.88518
      70.25551     -49.35154       2.69051
      17.12503      39.07994       1.28553
      92.79383      55.99325       1.92408
      78.61906      50.71395       1.55648
     140.65767      35.95537       3.66397
     -35.57631      66.86328       1.07745
      33.96946      44.39289       2.05309
     103.13915       5.31889       2.78634
     -57.22705      74.58062       1.01439
     -37.14936      65.57933       1.41224
      78.19039      41.86353       2.83512
     102.79720      25.02954       2.27137
     -77.74544      55.27836       1.68196
      47.97149      29.32497       1.91923
     167.73024       8.72221       3.09086
     -81.75428      24.55369       1.62378
     -81.65303      24.58227       2.18588
     146.99319      -6.67371       1.87569
      -8.66838      37.09894       1.39647
     -61.16311      14.81296       2.84987
      20.66994      53.89240       1.09193
      12.60566      35.49977       1.45173
     133.21276     -15.57316       1.69955
     177.44658     -17.60881       2.05471
      80.95589      26.91244       1.62203
     159.07852     -31.54146       2.36234
    -118.32175      34.13460       2.28398
     -85.03119       9.94537       2.39490
      91.10399      29.65734       2.24309
      34.86631      31.37782       1.63661
      91.10403      29.65733       1.57303
     -65.59525     -38.00266       2.12704
    -159.33925      21.98456       2.22411
      -3.01823      53.44970       2.37003
     -95.14575      29.91346       2.01544
     -57.85074     -51.69841       1.52150
       1.97305      42.47813       2.06161
     -60.99618      14.59482       2.48994
     -97.48074      36.68545       3.00784
     159.06120     -31.51989       1.58215
       1.75020      52.47323       1.59858
     -17.89383      28.76387       1.63274
    -110.31935      24.13880       1.55531
     -57.93230     -34.90675       1.75570
     167.26378     -20.91799       2.26690
      -4.76040      48.44626       1.17098
      -1.21932      46.15894       1.19419
      -1.14027      60.15405       2.55744
     -40.19805      64.43048       1.77763
     172.72222     -43.60584       3.53881
     158.93583     -54.49953       1.49550
      -4.24966      40.42916       1.93786
     168.05759     -14.96807       3.63599
     150.77002      59.57575       3.21398
     171.36452       7.11915       1.88402
      40.19414      -2.99606       1.45291
      -4.39353      36.72612       1.85233
      73.52629       4.18868       3.97999
      40.19440      -2.99591       3.29498
       2.62455      39.55263       2.50437
     -86.24899      12.14894       2.04837
     -51.09734       0.04669       1.95883
      17.25853      60.59514       1.30988
     -71.62443      10.67398       6.68815
     -65.69462      77.18704       0.89915
      37.86099     -46.87646       5.08227
       5.35379      43.27877       1.37823
     -15.63328      27.76374       1.30652
      16.70455      40.64906       1.34781
      16.70446      40.64913       1.36050
    -156.25702      20.70665       1.67698
      62.87072     -67.60477       1.26745
     -67.15887      18.21759       2.14654
      30.73788      -0.60147       1.93273
     -82.53232      27.84982       2.31692
     153.97866      24.29009       1.34356
     166.66933     -77.83835       1.31475
    -104.01499      30.68051       1.87698
     -76.45388      38.31892       1.40624
      37.21450      56.02149       1.99739
      37.22359      56.02748       1.63157
      11.64681      44.51996       2.25255
     -89.62032      20.98005       1.61389
      34.25585      36.56639       2.13020
      24.39532      60.21747       1.26483
      24.39533      60.21748       1.64503
      25.53997     -25.80502       1.81011
     -69.39792     -35.77735       2.24843
    -121.64258      37.34153       1.94371
     -80.16017      25.73281       2.64989
    -120.35139      34.03826       2.04554
      31.97284      46.97278       1.43178
     -87.88845      43.00254       2.07260
     141.13283      39.13517       3.01202
    -155.45634      19.80135       1.51712
     -87.39181      32.09026       2.37911
     -88.02410      30.22752       1.71459
      36.56971      55.11488       1.64660
      36.56952      55.11488       1.70572
     144.97534     -37.82941       1.40368
    -116.42235      32.89194       1.71908
      -1.68550      55.21279       1.92300
     -57.57130     -38.00577       1.85063
     -57.53114     -38.03560       1.85869
    -105.24920      20.67900       1.94288
     172.65470     -43.70273       1.59599
    -109.71764      23.16045       2.03526
     170.46494     -43.98570       1.73667
    -100.31291      25.71551       1.85531
      85.52122      27.69272       2.57266
     -61.68872      56.53698       1.32038
      42.04465      19.21142       1.53953
    -124.08648      49.29481       1.50980
     -81.77629      26.14864       1.74877
     -77.46226      25.05254       1.80409
     166.92555      -0.55173       1.84265
     -60.05502      -3.02292       1.85643
     -75.75134      36.18168       1.76647
     -89.61028      30.35628       1.71488
    -124.62491      48.29786       2.10186
     -47.92497     -25.02024       2.25114
      -5.54279      50.10303       1.66783
       7.22726      43.70326       1.57660
      33.39645      35.14099       1.40021
    -105.26260      39.99507       1.92094
    -105.26225      39.99543       1.96958
    -169.92707     -19.07653       1.98531
     -74.80290      39.10067       1.40315
     -74.53082      39.47452       1.33234
     -74.17770      40.74148       2.16686
       9.67212       0.35391       1.83444
     -91.57490      41.77159       1.75802
     166.44251     -22.26479       1.48370
     116.19272     -31.04874       1.24878
     -44.90106      61.63188       2.49758
     167.93883     -29.04335       1.53635
      14.98979      36.87584       1.93078
      14.98981      36.87611       2.27191
     166.41020     -22.26985       1.69048
      82.90949      55.03050       1.46919
      -0.33964      51.42098       1.26252
     174.11817     -39.18256       2.24232
     -71.32754      41.50985       1.34529
     -75.62383      45.45416       1.63826
      35.03604      30.03842       1.70883
      88.35978      69.36183       1.24435
     -77.02440      38.82075       1.43906
     166.48488     -22.22833       1.64879
      -1.43257      55.00891       2.36913
      44.50293      40.22646       1.37046
    -116.97268      32.57931       1.79607
      -1.43987      55.00742       1.82708
     103.67996       1.34580       2.01220
      30.08968      -1.94455       1.72882
      83.23544      54.84061       2.17872
      11.86531      78.92955       1.19045
      11.86509      78.92958       1.26999
     -74.01432      40.70107       1.32236
     -73.73008      40.71953       1.34529
     -96.71674      17.07834       2.55708
      11.27987      48.08617       2.50083
      11.27980      48.08618       1.30667
    -102.31516      31.87393       1.97690
    -117.04177      33.13061       2.07347
     -57.90133     -63.32108       1.81217
     -57.90139     -63.32109       1.62044
     -57.90034     -63.32072       2.42364
     -88.86248      34.09026       1.75187
      11.92552      57.39530       1.13345
       2.92229      51.22541       1.15099
       2.33494      48.83592       1.32460
      20.79405      41.12731       1.89614
      10.36776      59.73659       1.42949
     127.02403      37.07757       1.28531
      -1.51250      12.35639       1.77629
     170.51093     -45.86947       1.66266
     170.51092     -45.86950       1.72770
     -96.05488      16.51997       2.23420
    -123.72620      38.92835       1.69792
     140.85831      43.20953       2.05868
     139.48919      42.07879       1.67656
     140.85921      40.89750       1.58614
     139.70346      39.94212       1.59369
     139.54596      38.56334       1.57658
     140.96241      37.83079       1.56660
     140.24945      35.12938       1.76478
     139.61553      35.16015       1.47688
     138.28125      37.81476       1.58191
     138.50851      37.35654       1.52605
     136.90032      37.40573       1.62382
     136.14884      36.25458       1.32452
     139.13296      34.89549       2.50476
     138.76420      34.80690       2.03399
     138.32741      34.87067       1.76944
     136.82384      34.90397       1.63097
     135.19154      34.14415       1.35687
     134.31593      35.59369       1.44176
     131.60465      34.62759       1.64805
     133.24350      33.33350       1.63143
     129.84929      33.47308       1.61419
     131.66960      32.42862       1.57396
     130.19106      32.01741       5.14823
     127.82467      26.17947       1.48688
    -124.23704      40.69109       1.63377
     141.68533      45.40782       1.56029
     144.28579      44.01941       1.46776
     144.37140      42.97557       1.40884
     140.72453      41.78166       1.45805
     139.82492      34.91879       1.50440
     137.22457      36.76217       1.67208
     135.77319      33.47595       1.50941
     132.06621      34.89731       1.34905
     129.86620      32.73512       2.33858
     131.40930      31.57697       1.91045
     127.66521      26.21333       1.64790
     142.19461      27.09394       3.10732
    -122.21906      37.86390       1.92495
    -121.90541      36.62168       2.03885
    -124.25348      43.39552       1.95838
    -123.50328      48.05955       2.02939
      11.89606      45.41115       1.72955
      80.70262       7.27275       3.74924
     -64.05112     -64.77509       1.38412
    -149.57272     -17.53308       2.37131
     -75.17633      40.01316       1.45011
     -49.23095     -25.44837       2.34127
     -70.87988     -53.13695       2.29916
     148.26461     -32.99877       2.10592
      -1.93152      43.32176       1.52866
    -106.41393      31.76977       3.09928
      21.78675      38.28366       1.66565
     -95.71851      31.77827       1.89050
      98.52622      -0.03160       2.41246
      -2.45748      50.52178       1.14973
    -122.41895      37.85305       2.42290
      92.71225      11.63781       2.15812
      92.71214      11.63778       1.76798
     -87.18942      30.46902       1.60671
     -25.66276      37.74775       1.55744
      19.28153      47.78960       1.23591
     115.88525     -31.80197       1.40199
     158.60708      53.06673       1.60665
     158.65013      53.02330       1.57779
    -123.45113      48.64853       2.34687
      31.34340      29.86155       1.84731
     -90.16197      51.47981       2.05555
    -108.11893      34.30151       1.54897
     121.07773      14.63572       2.17933
    -116.45816      33.61216       2.19431
    -117.24303      32.66542       1.57927
     -34.03346      66.89773       1.05801
     -15.40761      28.14671       1.61051
      -1.11120      50.80233       1.77226
      -4.12618      50.41647       1.45682
     -85.67819      30.20459       2.08094
     147.36601      -2.04323       1.97342
     -51.11976     -30.07404       2.47558
     158.21012       6.95994       2.53718
      74.69427      42.67977       1.68472
      34.54293      49.60261       1.20915
     -70.70953      43.07102       2.02125
    -116.59086      32.61841       1.59656
      13.06609      52.37930       1.15577
     -63.89632      -8.70934       1.93794
    -122.38995      37.18709       3.39100
     -51.40853     -22.11990       1.79084
     -97.51925      34.97987       1.63610
    -114.29350      50.87135       1.57928
      28.22404     -25.74635       1.63115
       5.37271      43.27676       1.28366
     -67.04537      17.97040       1.74414
     121.04077      14.53544       1.90435
      10.45975      52.29619       1.16218
     150.91370     -34.47555       1.40619
     141.61347     -38.34440       1.20044
    -123.01872      37.99617       1.79468
    -124.25520      41.78274       1.89902
     138.48572     -35.09470       1.11077
     -67.06696      18.46298       2.72383
     -67.06684      18.46319       1.75953
    -118.40425      33.74330       1.69550
    -118.40425      33.74329       2.00442
     -52.68837      70.74040       0.93823
     -46.04776      60.71526       0.98269
     -64.03367      67.55934       1.89761
    -125.33083      50.13250       1.73708
     169.81583     -43.53166       1.91462
     -78.49361      -0.21516       2.11782
    -120.94443      39.97455       1.89955
      -6.85429      33.99810       1.36610
      34.76314      30.59761       1.70545
      32.07838     -28.79555       1.83742
    -119.72000      34.49998       2.01431
      36.89348      -1.22083       1.50104
     -80.38407      25.61410       1.51816
     -34.95152      -8.05096       2.73868
     -75.56998      39.56145       1.56873
       5.14488      50.00150       1.49085
      17.11753      54.47238       1.16359
     -94.89369      74.69082       2.27945
      55.57172     -21.20823       2.11701
     -21.95549      64.13878       1.65737
     -21.95548      64.13879       1.96436
     -77.42966      37.53790       1.16905
      24.05877      56.94862       1.21650
     -50.99396      71.84850       1.16449
     -67.75112     -53.78547       1.51105
     -67.80281      -9.96546       2.27204
     -78.65111      -1.65060       1.94679
      -6.20626      36.46427       1.67578
     163.19011     -77.03444       1.00485
     -52.95209     -22.52330       1.72688
      -3.96573      48.71844       1.36401
     -68.12578     -67.57139       1.76255
     150.79008     -23.16099       1.95860
     -65.10725     -43.29888       1.71542
     -76.70935      39.25463       1.41625
     -74.23440      40.68053       1.39442
     -66.64234      45.95014       1.56379
     137.93433     -32.47029       1.62625
      -1.80579      46.53003       2.12375
    -125.24986      71.99033       2.51988
     -83.83777      43.62864       3.06774
     -67.05778      -0.14385       2.15959
     -44.21248      -2.59346       1.64429
     -38.51236     -13.00867       3.33983
    -171.73842     -13.84921       2.40531
      98.71472       3.62161       2.77564
     167.20320     -15.44714       2.55747
     -70.66855     -33.15029       1.95860
    -121.44718      36.76530       2.66946
       9.40251      41.85833       2.03586
      -2.76981      47.52449       1.11166
    -106.39835      52.19626       1.11657
      13.64329      54.51359       1.32176
     -81.69634      32.13860       1.97769
     -38.43225     -12.93925       1.70661
      17.87921     -29.66933       1.64515
    -122.41044      37.68622       2.30579
    -123.00761      48.54619       2.18861
     -79.93800      32.78292       1.47683
     -66.83262      54.83209       1.42253
     -79.92536      32.77948       1.42963
     -78.73525      33.93993       1.43309
      -6.29580      49.91456       1.02673
    -118.48794      32.91443       1.87014
      -1.68168      43.39523       1.40974
     -21.95034      70.48533       1.12773
     -75.76232      20.01206       2.11451
    -122.30948      47.65398       2.15270
      77.01690      43.17873       1.68459
       3.69912      43.39765       1.39122
      55.47940      -4.67372       3.70932
      -6.20565      36.46435       1.44688
      25.04655      60.20019       1.21390
     -73.12496      40.91468       1.48429
     -99.18861      19.74124       1.79619
     126.95553      37.46252       2.20463
      24.96116      60.20385       1.28006
      79.87417       6.89207       2.11828
     121.20044      31.09964       1.68948
      75.31547      42.62071       2.02306
     -64.55201      46.22069       1.73505
       0.74341      51.44568       1.57618
     -74.01160      40.47149       1.69696
       0.82702      51.55479       1.04230
      18.43957     -34.18794       2.71588
    -117.25041      32.86470       1.73782
    -117.24969      32.84073       1.88683
       4.67658      45.87908       1.20861
      21.04829      64.87920       1.31141
     -95.19678      16.16843       2.39551
      55.28802     -21.19596       3.41553
     135.93695      33.57786       1.53963
      -2.02747      48.64108       1.07549
     -79.15806      35.47353       1.31359
    -119.52436      33.24787       2.56538
      23.39473      42.55609       1.80578
     -76.45389      38.31888       1.35622
      46.40057      24.91068       1.21426
     -61.66272      16.04498       4.16886
     147.93085     -42.54644       1.69339
    -118.64616      34.05934       1.52407
      16.43845      43.50664       1.55219
    -115.46586      31.04504       2.29901
      12.89135      57.71496       1.27238
     -54.39370      72.91068       0.96805
    -120.06522      34.00433       1.93511
     -38.51648     -12.97516       2.54888
     -89.11660      13.69709       2.15188
       5.59862      59.01771       1.28132
      -5.66735     -15.94253       1.75951
     -52.67830      47.59523       2.20424
     -52.67775      47.59524       1.28938
     141.84482      43.52865       1.62596
     -89.75869      38.61109       2.76950
     145.21404     -38.37518       1.20032
     -91.90331      44.30395       2.25372
     149.01005     -35.31553       1.56327
     149.01015     -35.31616       1.61718
     -64.97445      18.34009       2.05856
      24.01449      49.83559       1.31912
      73.99711      44.20813       2.33233
     153.03530     -27.48489       2.19811
      20.81046     -32.38021       1.70212
      20.81091     -32.38143       1.70948
     127.05424      37.27551       1.33747
      29.78088      60.53286       1.29083
      -3.98177      51.56556       1.04573
      -6.38895      58.20759       1.50458
     151.15038     -33.78088       1.24151
      39.58374     -69.00696       1.30449
    -117.67828      34.38185       1.81107
    -149.60619     -17.57703       2.20845
     174.76989     -36.84360       2.10589
      72.21045      42.44547       2.04117
      -0.86172       9.55426       1.94084
     -97.86403      22.27832       1.86750
      39.20792      -6.76559       2.94515
      -5.60262      36.00851       2.58054
      69.29557      41.32805       1.64755
    -149.47553     -23.34180       2.29983
      51.33409      35.69728       3.69221
      34.78090      32.06800       1.98028
     -27.15299      38.71899       2.38997
       5.21939      53.36274       1.56313
      -5.36301      35.56164       2.93842
    -125.90784      49.15414       2.33392
       6.74792      53.55743       1.08266
       8.85917      54.12174       3.72709
       8.68705      54.73051       7.40659
       7.55475      58.00638       1.54239
       7.18628      53.33677       4.25860
       7.03068      53.32717       1.73231
       8.09264      53.77171       1.55760
      15.65103      38.10832       2.12771
    -149.60645     -17.57706       2.20709
     -68.78801      76.53734       2.23876
     -68.82504      76.53705       1.33672
    -122.44760      37.89087       2.14675
     148.98000     -35.39920       1.71770
     -42.28615      62.53554       1.42791
       6.43163      51.03531       1.57190
     128.86642      71.63447       2.40015
     128.86639      71.63446       2.72333
       1.48089      43.56069       1.02604
    -105.23271      40.13093       2.39500
     -16.24115      28.47718       1.96738
     -85.37805      35.39048       1.40828
     120.98734      24.79795       1.94685
      11.99995      42.06401       3.26884
    -175.17922     -21.14471       3.22014
     -48.33068     -10.17105       1.94676
       7.66128      45.06337       2.13734
    -118.33060      33.79780       1.68849
      -6.76452      62.02330       1.94577
       1.48076      43.56077       1.64289
     147.05569     -19.26928       1.76562
      39.77556      40.99471       1.37700
    -117.80343      33.61793       2.06790
      10.31916      63.37138       1.42810
     -41.37507      64.27707       1.21243
      13.76352      45.70976       1.60516
      18.93965      69.66272       1.56289
      18.93833      69.66275       1.56296
     140.08750      36.10568       1.45500
      29.45068      40.78673       1.38246
      24.07056      35.53319       1.66354
     -65.23035     -26.84326       2.60264
    -132.99435      69.43824       2.80371
     179.19656      -8.52529       2.29892
     -94.77264      29.32787       2.15157
     -94.78930      29.28514       2.62592
    -118.44191      34.06912       1.93437
    -125.54164      48.92564       1.99910
     -70.40927     -23.67897       1.72869
    -104.40153      19.12410       2.37415
    -122.45815      37.76297       1.88387
     107.05233      47.86507       1.22615
      31.42092     -28.29312       2.01724
      -5.15937      57.89497       3.51803
     116.11203       6.03923       2.85207
     -66.64170      45.95021       2.08961
     -99.18130      19.31270       1.67686
      12.35570      43.11939       1.81964
     -86.86817      20.86850       1.69581
     -65.40764     -24.72746       2.01985
      11.87793      45.40672       1.76533
    -155.88381      20.24589       5.88054
      87.60067      43.80795       2.40481
    -118.28511      34.02395       1.61945
    -120.66109      35.31180       2.11848
    -109.68105      29.82165       1.78943
     -77.06627      38.92057       1.17604
     -76.47939      38.98335       4.10432
     -77.06623      38.91896       1.32641
     138.36204      36.13311       2.27369
      22.29762      48.63198       1.51651
      21.77064      62.96119       1.20787
      13.72418      49.13379       1.28037
      57.49704     -20.29708       2.10993
     -76.49937      37.24862       1.32801
     -77.56417      48.09706       1.95502
      -0.33765      39.48083       1.64997
     -71.63503     -33.02793       2.34643
     -71.62609     -33.02724       1.67614
    -120.56351      34.82661       2.45957
     168.31515     -17.74397       2.03931
      31.03119      70.33637       1.34094
     168.15611     -15.48254       3.11095
     -62.26923     -38.70077       4.31767
     -99.21732      36.07171       3.96720
      12.35408      45.43057       1.18491
      12.33198      45.43698       2.30015
      -2.84178     -71.67380       1.29187
      -8.81307      42.18398       1.33180
     -64.79813      17.71618       2.01126
      16.55993      64.69785       1.24506
     168.31950     -17.72889       2.80213
      -3.95198      40.44359       1.35114
     -75.68701      37.60835       1.34139
      18.36732      57.65387       0.99703
     -64.96921      18.34333       2.11750
       3.59733      51.44288       1.39123
     -64.25416     -65.24601       1.58044
    -120.61645      34.55631       2.06486
     -72.30861      18.52868       2.73729
    -118.29382      33.71264       1.52398
     -72.47757      43.28147       1.43827
       7.46425      46.92375       1.06195
     174.66278     -36.43441       1.39824
      12.10142      54.16979       1.11819
     -77.06623      38.92045       1.58932
     -77.06630      38.92057       1.68778
     174.77871     -41.27265       2.15203
     -71.49333      42.61334       1.48832
       1.13034      52.94487       1.16588
     174.80589     -41.32346       2.25956
     174.78159     -41.29044       2.06641
    -118.03117      33.97988       1.99330
    -135.22211      60.75051       1.47623
     154.22012     -79.84570       1.61162
    -116.39178      33.93476       2.22150
    -122.16781      52.23687       1.43909
      17.08943     -22.57492       1.87316
    -122.14057      37.65264       2.23244
     -92.01521      46.70506       1.73782
      18.41875      54.79676       3.76833
     -92.78191      31.89723       2.22806
     153.03527     -27.48496       1.81998
    -118.42761      33.95815       1.79586
      17.06204      51.11326       1.17883
    -122.92119      50.12654       2.00005
    -106.34983      32.40714       3.94073
       6.60451      52.91461       1.09968
      12.87890      49.14423       1.20842
      12.87893      49.14420       1.42104
      12.87891      49.14420       1.19599
      12.87863      49.14479       1.16248
      12.87894      49.14423       1.69274
      12.87890      49.14421       1.23842
     114.35726      30.53165       1.74803
     -83.10815      29.63101       1.64294
     109.22149      34.36867       2.04049
     105.68850     -10.44997       3.27180
     129.68030      62.03096       2.18010
     115.34698     -29.04655       1.87215
     115.34715     -29.04650       1.20584
     115.34697     -29.04659       1.59575
     -63.67998     -22.01710       1.56084
      -3.08863      40.52490       1.17767
    -114.48084      62.48132       1.38582
    -114.48070      62.48089       1.82787
      56.11233      22.18646       1.71307
      -5.24009       6.87056       1.42421
      34.92827      30.99157       1.54776
     142.71672      47.02974       1.13184
      28.31101     -15.42554       1.84249
      41.56507      43.78839       1.49006
       3.20823      51.33586       1.28545
    -157.92082      21.31299       2.91185
       7.46503      46.87709       1.19337
       7.46510      46.87714       1.81474
       7.46528      46.87710       1.34880
     -65.99348      18.43134       2.08919
      36.75839      55.69928       1.54076
      36.75863      55.69928       2.56643
