     139.54766      39.18556       1.68239
    -160.47676      55.34928       1.71153
    -168.06213      65.61498       2.68317
    -165.37346      64.56450       1.80014
    -176.66265      51.86415       1.85488
    -138.89881      59.34037       3.50033
    -135.22830      59.52804       1.44068
    -134.54530      58.41678       1.75446
      -2.08022      57.14401       1.54384
     -61.52754      16.26230       1.72950
      47.22921     -19.01831       1.86443
    -149.72401      60.48133       2.31146
      -8.39893      43.36438       1.58843
     -70.88659      41.74325       1.37006
     -61.08646      16.29686       2.08004
     138.64735     -34.72900       1.41540
      38.76630       9.03513       2.57765
     130.59959      31.82406       1.90988
    -131.59954      55.06907       2.12924
       8.76261      41.92746       1.54853
      -0.48123      38.33892       1.43404
    -123.48747      48.38978       1.93878
     117.81018     -34.95023       1.93235
     -88.07798      30.24917       1.39007
     -78.07137      45.95580       1.52716
     133.88552     -23.67012       1.36761
      -2.45945      36.85253       1.58994
      34.60665      31.70794       1.47509
     -62.34046      82.49429       2.21618
     167.67930     -15.41952       2.79875
       0.99433      49.85939       1.21498
    -104.52459      38.80312       1.47327
      35.87954      32.02855       1.82731
      16.13482      69.32606       1.77690
      16.00870      69.27837       1.74803
     -95.48507      29.30148       2.30902
      32.75847      39.88737       1.82376
     -76.60925      39.01029       2.04820
     -71.53205     -37.33870       1.87007
     -98.57664      29.49121       2.19867
    -118.83032      34.15744       2.51420
     -80.16220      25.73469       1.82954
     -71.49279     -16.46551       1.58658
     -71.49280     -16.46552       1.49341
      -6.78352      61.99737       1.84813
     -97.05896      27.83835       2.28095
      58.56046      56.42982       1.42696
     -14.41207      -7.95121       2.45790
     -82.54620      35.59945       1.66876
    -170.72243     -14.32610       2.19990
     174.83439     -36.60284       1.44690
     174.77042     -36.84376       2.86090
     -97.75632      30.31170       2.15053
      23.00372      40.56682       1.70100
     -68.30357     -54.83953       2.22468
    -166.54184      53.87564       1.89236
     167.09334     -15.64359       2.40173
     102.23498      51.76971       1.36779
      50.60815      26.20914       1.70991
     -68.26333      49.18683       1.83622
     -96.00234      64.31782       1.85324
     106.84891      -6.49105       2.23677
      49.81441      40.37217       1.79219
    -125.13510      48.83533       2.46085
      77.51162      13.03432       2.32765
    -119.02973      33.48045       1.83394
     -68.22169      44.39505       1.42145
    -162.70716      55.19027       2.71711
    -162.70676      55.19042       2.57953
    -126.84264      50.54428       1.95277
       3.13670      42.51532       1.71343
     -48.46255      -1.40879       2.23997
       1.40114      41.59962       1.70767
      -1.53691      43.47196       1.26408
     166.45338      68.06531       1.47734
     166.43796      68.07613       1.16041
     113.09434       3.24032       3.22316
     113.06722       3.26151       4.28763
    -135.53930      56.85449       1.90784
       2.45002       6.38466       1.40719
     115.89249      39.60860       1.52200
     116.22413      40.24533       1.56954
     168.29209     -46.58506       1.33225
    -114.71485      33.61042       1.78531
      -1.82961      49.65920       1.29031
     152.32100     -24.90822       2.30046
     -60.70111       2.84518       1.76815
      21.03534      52.47595       1.09671
     -74.08094       4.64007       1.81730
     -43.42174     -13.25556       2.21002
      17.07346      52.27696       1.13701
       6.66643      53.57891       1.12193
       6.74745      53.56364       1.28082
     -47.87787     -15.94747       1.74188
    -119.68263      48.13152       1.42613
     -38.42554      -3.87745       1.46873
     -64.69627      32.37040       1.33365
     122.20908     -18.00398       1.65590
      -4.49659      48.38049       1.80306
     -69.94658      43.88982       2.40553
       4.35922      50.79782       1.60291
       4.35856      50.79806       1.39040
      35.02298      32.77898       1.92693
      26.12574      44.46394       1.25538
      12.50002      55.73902       1.18510
     -58.51930     -34.57370       2.31262
     -77.01042       3.88202       2.36055
     145.91485     -41.05007       1.98817
     -66.16120      18.40784       1.92365
    -124.56335      42.83610       1.89164
    -124.18430      41.74560       2.20905
       8.97275      39.13591       1.90730
     -75.80733      45.58502       2.45761
       8.97276      39.13589       1.74371
     -77.14932     -12.06288       1.90236
     -90.54017      19.84443       1.82950
      -3.79806      43.47198       1.41815
    -120.43084      35.88835       3.10745
     -75.53385      10.39133       2.36924
     110.51971     -66.28336       1.10288
    -118.89666      37.64464       2.42412
      -9.41852      38.69342       1.40080
     -77.87539      34.34465       2.21516
    -118.48301      33.44577       2.55736
    -118.33381      33.31162       1.76338
     -65.77412     -28.47098       2.09826
     -52.30997       4.94877       3.54161
     142.19503      27.06753       3.47189
     142.18458      27.09558       2.86801
     -80.54523      28.46023       2.23021
     -80.54548      28.45996       1.53131
      -4.36785      40.45343       1.29211
     133.80983     -31.86667       1.32190
     -40.31945     -20.31079       2.05884
      -5.30639      35.89197       1.99961
      -5.31133      35.89605       2.29576
     -68.23265     -31.60217       1.56976
     -79.84287      32.75757       1.74992
     125.44420      43.79069       1.47327
    -176.56584     -43.95579       1.51115
     -84.46565      45.65349       2.68963
     -88.29922      18.49528       1.88787
     -81.80713      24.55048       1.70560
      -0.40770      46.13346       1.98512
     -75.08769      38.77679       1.73488
     -44.98516     -22.68715       1.57692
     -69.95005      41.67120       3.04468
    -176.61711     -43.73547       1.28593
      74.75110      42.99850       1.93383
     -94.08873      58.75908       1.37101
    -122.00843      49.15661       1.85508
    -116.66576      31.87068       1.84394
    -118.12728      34.13671       1.38636
    -159.80061     -21.20103       2.75888
     153.26654     -27.52615       1.53468
    -124.39633      40.44177       2.21588
     -86.82090      21.17465       1.90331
     169.85585     -43.66624       2.04372
     145.74309      15.22970       2.38146
       7.01573      43.55458       1.25976
      96.83397     -12.18835       1.43387
     -81.12168      34.08100       1.91315
     -73.02538     -36.84284       1.48927
     -73.02548     -36.84376       1.65947
     -70.33824     -27.38453       1.59560
     -97.44168      27.74080       2.17208
    -123.30460      44.58554       2.18377
    -117.80889      35.98234       2.53410
    -110.97188      32.22446       1.80622
       2.37412      51.02295       1.06935
     -75.71270      36.90463       2.71285
     -71.89208     -45.51434       2.27543
    -122.25652      46.84009       2.12263
      33.99098      44.41326       2.61427
     166.66824     -77.84804       1.29928
    -117.09968      34.03905       1.17565
     -64.58432      17.75690       2.38418
    -119.78481      34.02926       1.95001
      34.89019      32.48825       1.53472
     -72.04972      41.33530       1.22646
     -71.88914      41.89970       1.49181
      18.46855     -33.95144       2.28580
     -72.48794       7.89846       3.23200
     -56.06987     -15.55526       1.90613
     -65.28252      18.30744       1.85115
     100.53392      13.73592       1.53240
      40.07140      12.06612       3.17828
     127.37448      36.39943       1.41559
     -17.46510      14.68454       2.19693
     -17.43947      14.72123       1.85188
     130.89149     -12.42401       1.70885
     131.13274     -12.84370       2.04634
      77.97261     -68.57732       1.21800
      23.99264     -30.66521       1.79881
      72.37024      -7.26969       1.91406
       2.34475      50.99365       1.33151
      -2.07598      48.58993       1.32573
       1.66164       9.69206       1.79218
     -61.67766      76.35162       0.86799
     -75.52360      39.16009       4.38048
      35.39207      31.59320       1.67723
    -119.62498      49.32262       1.69624
      35.36882      31.03691       1.82202
     -95.86618      50.25881       1.43878
     140.00196     -66.66508       1.59774
     170.59717     -45.88366       1.36545
     170.62941     -45.81432       1.98145
    -122.08016      47.77410       2.47267
      23.93243      38.07855       1.89357
       0.49236      40.82089       2.58230
      -3.29479      55.92479       1.24962
      15.08208      37.51360       1.48351
    -147.11297      64.68794       3.63989
    -109.38329     -27.14821       3.87072
      34.92060      29.50928       1.87026
     -89.86761      16.91606       2.25368
      35.77065      33.18201       1.79370
     -89.94173      29.87896       3.01122
     -66.99213      44.90871       1.48241
       1.56756      50.68035       1.04520
       8.45683      55.49357       1.26217
       8.43977      55.46027       1.57124
       0.97567      42.69358       2.22569
     -64.79871      47.07340       1.33651
     121.89432     -33.87432       1.34732
     167.19192     -15.97367       2.80722
     -86.36213      13.09954       2.57958
      38.76282       9.01986       1.64987
     -85.93759      79.98895       3.24100
     -85.93992      79.98854       3.11180
     -75.87340      23.56405       2.15512
    -145.74986      60.54870       1.93430
       7.49729      43.77443       1.81324
    -149.61430     -17.55531       2.02070
    -147.49924      64.97800       1.56095
    -147.49852      64.97815       3.29523
    -171.99953     -13.83221       2.17164
     -57.87407     -51.69365       1.34372
    -123.00077      37.69721       2.00797
      -1.24883      44.64595       2.46422
       6.73257       0.33767       2.37491
      14.50354     -22.95035       2.33573
    -101.97803      54.72558       1.39959
     -80.37357      25.75460       1.59756
     160.27141     -77.53273       1.37298
     -31.12639      39.45383       2.30274
     -71.44191      42.30006       1.52532
     -61.58197      15.87533       2.97569
     -38.42561      -3.87745       3.18319
      -7.33665      54.98376       2.05435
     -66.65988      45.93351       1.84978
     -58.98050     -62.19410       3.12820
    -178.12094     -14.30781       2.95022
     162.56470     -78.92767       1.25327
    -123.95609      46.20489       2.44720
     -16.90762      32.64795       1.87536
      -8.58909      41.10602       1.63620
     -94.73681      29.32988       2.24165
     -90.30362      -0.74270       1.98676
    -134.96482     -23.13036       4.05505
      20.32294      49.03471       1.57311
      -0.00601      16.25212       1.85780
      12.24944      44.67690       1.38970
     -81.02290      31.98758       1.49223
     -81.37945      19.29295       1.83653
       8.92114      44.41939       1.40839
      11.92293      54.57443       1.06798
     102.10546       6.22619       3.64638
      -5.36499      36.14818       2.43126
      35.41648      32.47934       2.08624
     -90.30367      -0.74300       1.44642
     -76.49946      37.24854       1.69972
      30.49673      50.36418       1.57415
     -15.63427      27.76478       1.36367
     131.01557      30.55645       2.12506
     -76.82683      39.02173       1.33205
     -76.82709      39.02118       1.75173
     -76.82732      39.02052       1.71999
    -116.88925      35.42516       1.92847
      14.78562      49.91370       1.30943
    -114.17970      40.64017       2.31933
      -9.88072     -40.34883       4.24603
       6.92057      43.75474       1.35726
      15.49348      47.06713       1.16282
     -89.95730      29.26553       1.44815
      -3.50798      47.64801       2.63742
     144.86836      13.58933       2.61656
      87.17731      43.47111       1.29309
     -90.52018      14.59040       3.17506
    -118.28968      28.88406       1.75149
      -4.41182      48.44460       1.29644
    -135.69705      58.41776       1.94158
     144.80271      13.43321       1.93880
      36.09992      29.13887       1.95685
     -90.46763      30.51308       1.83467
      27.70724     -25.88696       1.57929
      27.70776     -25.88711       3.00524
    -120.68207      34.46940       2.38337
      -1.77796      49.58066       1.65178
       7.89309      54.17448       1.43808
    -110.96721      29.09255       2.05333
       0.33627      50.86731       1.54330
       0.33435      50.86748       1.59683
      11.38609      47.31290       2.57243
     115.73858     -31.82552       2.16355
    -155.05269      19.71918       2.06239
       9.96755      57.59110       1.18925
     -95.86338      35.68275       1.39934
     -63.61128      44.68355       1.39469
     142.29621     -10.59037       2.16552
    -157.86455      21.30329       2.48053
     -76.13037      38.58882       2.71330
      19.22306     -34.42463       1.85645
     147.43873     -42.80471       1.51078
       8.29339      54.75875       1.45758
     -15.19792      64.26729       1.52479
      10.15680      54.37292       1.17450
    -128.13500      50.64035       1.97328
    -117.76124      70.73630       1.64261
      -4.64207      53.31773       1.12739
    -123.07473      38.99518       2.11360
     170.10551     -43.77733       3.87861
     -61.70306      15.97961       5.03730
     -95.43299      29.77942       2.87666
      27.68698     -25.89010       1.74471
      -1.28389      51.45374       1.24611
      -6.92030      37.19998       1.37862
      92.53241      10.60951       2.67598
      78.55087      17.41726       2.10213
       1.44897      38.91125       1.49556
     -90.52747      19.85346       1.83409
    -111.11027      43.74612       1.88749
       7.63940      45.01513       1.49208
      -5.10846      33.53963       1.54779
     -58.43932     -34.57224       1.91503
    -115.03180      32.70617       1.76546
       4.55606      52.46197       1.35986
     -51.34338     -20.42778       1.75086
     -48.65572     -28.23484       1.92224
     -47.49723      -5.49177       2.02316
    -102.28420      21.85615       1.71930
    -133.52696      68.30619       1.42327
    -110.33074      24.14527       1.40593
     -68.51050      63.75596       1.28559
     -70.13171     -20.27354       1.62164
     -73.26871      -3.76735       2.18187
     104.31618      52.21902       1.23580
     104.31624      52.21902       2.02013
      44.43840      33.34141       1.41802
     -87.05583       5.54434       2.47976
    -109.34441     -27.12498       1.93928
      29.01934      41.10445       1.41007
     132.89390     -12.65885       1.69557
     132.89453     -12.66015       2.03835
     -76.78087      17.93902       3.22865
      57.76390      25.64949       1.64548
      42.10363      16.69918       1.84941
      30.09616      62.39117       1.28997
      21.03235      52.09784       1.17772
      21.03154      52.09727       1.61927
    -118.17323      34.20482       1.75320
    -118.17430      34.20158       1.49628
      35.20245      31.77115       2.00595
     -81.70148      30.48404       1.82559
      35.14506      33.02282       1.56470
     169.77516     -43.60839       2.05613
       8.41126      49.01125       1.63240
     117.09719     -20.98143       1.31739
     132.15327     -14.37600       1.44349
     132.15250     -14.37508       1.52408
      27.78078      35.95148       2.27961
      35.68828      32.99525       1.96085
     120.97774      13.98688       4.57105
    -122.89607      46.11818       2.14396
     -50.94484      66.98742       1.64455
    -151.35018      60.67508       2.16730
      70.25552     -49.35147       2.00847
      70.21793     -49.35218       3.42121
     139.48853      35.70677       1.85517
     139.48812      35.71034       1.54715
     135.04616      48.52145       1.24733
      36.23901      50.00510       1.99958
      -5.05234      58.45877       1.35641
      21.06024      67.87758       1.43090
     172.92290       1.35458       2.04072
      20.96845      67.85735       1.42412
      66.88545      39.13477       2.89923
      21.11888      55.71536       1.42339
     -63.52739      81.25271       1.59130
    -152.19343      57.61769       1.94581
    -152.50138      57.73511       1.78707
    -159.75817      21.98349       2.79564
    -159.66493      22.12626       2.00886
      -3.90241      47.86575       1.32075
      13.72456      45.54811       1.69579
       5.80964      52.17843       1.45969
     -52.80597       5.25219       1.86511
     164.28734     -20.55869       2.56923
     -52.63975       5.09847       1.70621
     -52.80596       5.25218       1.89235
      70.25551     -49.35154       2.69166
      17.12503      39.07994       1.27878
      92.79383      55.99325       1.92577
      78.61906      50.71395       1.55164
     140.65767      35.95537       3.67548
     -35.57631      66.86328       1.07446
      33.96946      44.39289       2.05205
     103.13915       5.31889       2.78152
     -57.22705      74.58062       1.03214
     -37.14936      65.57933       1.41636
      78.19039      41.86353       2.83195
     102.79720      25.02954       2.27377
     -77.74544      55.27836       1.68507
      47.97149      29.32497       1.91630
     167.73024       8.72221       3.09481
     -81.75428      24.55369       1.63149
     -81.65303      24.58227       2.18987
     146.99319      -6.67371       1.88291
      -8.66838      37.09894       1.39709
     -61.16311      14.81296       2.84832
      20.66994      53.89240       1.09133
      12.60566      35.49977       1.45044
     133.21276     -15.57316       1.70942
     177.44658     -17.60881       2.06488
      80.95589      26.91244       1.62037
     159.07852     -31.54146       2.37103
    -118.32175      34.13460       2.28115
     -85.03119       9.94537       2.39413
      91.10399      29.65734       2.24055
      34.86631      31.37782       1.63861
      91.10403      29.65733       1.57145
     -65.59525     -38.00266       2.12576
    -159.33925      21.98456       2.21229
      -3.01823      53.44970       2.37630
     -95.14575      29.91346       2.01921
     -57.85074     -51.69841       1.51319
       1.97305      42.47813       2.06168
     -60.99618      14.59482       2.48513
     -97.48074      36.68545       3.01310
     159.06120     -31.51989       1.59158
       1.75020      52.47323       1.59800
     -17.89383      28.76387       1.62254
    -110.31935      24.13880       1.55656
     -57.93230     -34.90675       1.74484
     167.26378     -20.91799       2.27125
      -4.76040      48.44626       1.17721
      -1.21932      46.15894       1.18571
      -1.14027      60.15405       2.56350
     -40.19805      64.43048       1.77694
     172.72222     -43.60584       3.52257
     158.93583     -54.49953       1.50448
      -4.24966      40.42916       1.94892
     168.05759     -14.96807       3.64598
     150.77002      59.57575       3.23442
     171.36452       7.11915       1.89223
      40.19414      -2.99606       1.45787
      -4.39353      36.72612       1.84641
      73.52629       4.18868       3.97881
      40.19440      -2.99591       3.29659
       2.62455      39.55263       2.49661
     -86.24899      12.14894       2.05800
     -51.09734       0.04669       1.97308
      17.25853      60.59514       1.30798
     -71.62443      10.67398       6.68395
     -65.69462      77.18704       0.92060
      37.86099     -46.87646       5.08005
       5.35379      43.27877       1.37642
     -15.63328      27.76374       1.30642
      16.70455      40.64906       1.35246
      16.70446      40.64913       1.36989
    -156.25702      20.70665       1.67593
      62.87072     -67.60477       1.26984
     -67.15887      18.21759       2.14789
      30.73788      -0.60147       1.92349
     -82.53232      27.84982       2.32432
     153.97866      24.29009       1.35782
     166.66933     -77.83835       1.31510
    -104.01499      30.68051       1.88165
     -76.45388      38.31892       1.42139
      37.21450      56.02149       1.99470
      37.22359      56.02748       1.63062
      11.64681      44.51996       2.25036
     -89.62032      20.98005       1.61960
      34.25585      36.56639       2.12067
      24.39532      60.21747       1.25993
      24.39533      60.21748       1.64164
      25.53997     -25.80502       1.82108
     -69.39792     -35.77735       2.25084
    -121.64258      37.34153       1.94167
     -80.16017      25.73281       2.64970
    -120.35139      34.03826       2.04082
      31.97284      46.97278       1.43111
     -87.88845      43.00254       2.08862
     141.13283      39.13517       2.98200
    -155.45634      19.80135       1.51644
     -87.39181      32.09026       2.38393
     -88.02410      30.22752       1.71663
      36.56971      55.11488       1.64590
      36.56952      55.11488       1.70968
     144.97534     -37.82941       1.41520
    -116.42235      32.89194       1.72209
      -1.68550      55.21279       1.92938
     -57.57130     -38.00577       1.84798
     -57.53114     -38.03560       1.86304
    -105.24920      20.67900       1.94522
     172.65470     -43.70273       1.60292
    -109.71764      23.16045       2.03624
     170.46494     -43.98570       1.74326
    -100.31291      25.71551       1.85846
      85.52122      27.69272       2.57586
     -61.68872      56.53698       1.32606
      42.04465      19.21142       1.53876
    -124.08648      49.29481       1.50715
     -81.77629      26.14864       1.75331
     -77.46226      25.05254       1.80672
     166.92555      -0.55173       1.85367
     -60.05502      -3.02292       1.86190
     -75.75134      36.18168       1.75316
     -89.61028      30.35628       1.72112
    -124.62491      48.29786       2.10056
     -47.92497     -25.02024       2.24759
      -5.54279      50.10303       1.66060
       7.22726      43.70326       1.58197
      33.39645      35.14099       1.40036
    -105.26260      39.99507       1.92364
    -105.26225      39.99543       1.97278
    -169.92707     -19.07653       1.98254
     -74.80290      39.10067       1.39743
     -74.53082      39.47452       1.32845
     -74.17770      40.74148       2.19009
       9.67212       0.35391       1.82720
     -91.57490      41.77159       1.76408
     166.44251     -22.26479       1.49312
     116.19272     -31.04874       1.25342
     -44.90106      61.63188       2.50564
     167.93883     -29.04335       1.54109
      14.98979      36.87584       1.92981
      14.98981      36.87611       2.27210
     166.41020     -22.26985       1.70946
      82.90949      55.03050       1.46569
      -0.33964      51.42098       1.25279
     174.11817     -39.18256       2.24939
     -71.32754      41.50985       1.35957
     -75.62383      45.45416       1.65294
      35.03604      30.03842       1.70542
      88.35978      69.36183       1.24199
     -77.02440      38.82075       1.43726
     166.48488     -22.22833       1.65647
      -1.43257      55.00891       2.35535
      44.50293      40.22646       1.36951
    -116.97268      32.57931       1.79457
      -1.43987      55.00742       1.81980
     103.67996       1.34580       2.00573
      30.08968      -1.94455       1.72682
      83.23544      54.84061       2.18089
      11.86531      78.92955       1.19416
      11.86509      78.92958       1.27047
     -74.01432      40.70107       1.32774
     -73.73008      40.71953       1.34305
     -96.71674      17.07834       2.56191
      11.27987      48.08617       2.48777
      11.27980      48.08618       1.30255
    -102.31516      31.87393       1.97837
    -117.04177      33.13061       2.07224
     -57.90133     -63.32108       1.80313
     -57.90139     -63.32109       1.61511
     -57.90034     -63.32072       2.41302
     -88.86248      34.09026       1.75898
      11.92552      57.39530       1.13062
       2.92229      51.22541       1.14600
       2.33494      48.83592       1.31239
      20.79405      41.12731       1.89338
      10.36776      59.73659       1.43338
     127.02403      37.07757       1.29009
      -1.51250      12.35639       1.77529
     170.51093     -45.86947       1.65499
     170.51092     -45.86950       1.72606
     -96.05488      16.51997       2.23800
    -123.72620      38.92835       1.69604
     140.85831      43.20953       2.06677
     139.48919      42.07879       1.67722
     140.85921      40.89750       1.59375
     139.70346      39.94212       1.60029
     139.54596      38.56334       1.57819
     140.96241      37.83079       1.57952
     140.24945      35.12938       1.77062
     139.61553      35.16015       1.48735
     138.28125      37.81476       1.58848
     138.50851      37.35654       1.52509
     136.90032      37.40573       1.62486
     136.14884      36.25458       1.32728
     139.13296      34.89549       2.51630
     138.76420      34.80690       2.03598
     138.32741      34.87067       1.76207
     136.82384      34.90397       1.63609
     135.19154      34.14415       1.36623
     134.31593      35.59369       1.44497
     131.60465      34.62759       1.64752
     133.24350      33.33350       1.63335
     129.84929      33.47308       1.61624
     131.66960      32.42862       1.58031
     130.19106      32.01741       5.13845
     127.82467      26.17947       1.49094
    -124.23704      40.69109       1.63341
     141.68533      45.40782       1.55287
     144.28579      44.01941       1.46954
     144.37140      42.97557       1.41242
     140.72453      41.78166       1.45750
     139.82492      34.91879       1.51271
     137.22457      36.76217       1.66482
     135.77319      33.47595       1.52232
     132.06621      34.89731       1.35714
     129.86620      32.73512       2.34248
     131.40930      31.57697       1.91303
     127.66521      26.21333       1.65258
     142.19461      27.09394       3.11099
    -122.21906      37.86390       1.92517
    -121.90541      36.62168       2.03528
    -124.25348      43.39552       1.95530
    -123.50328      48.05955       2.03003
      11.89606      45.41115       1.71774
      80.70262       7.27275       3.74733
     -64.05112     -64.77509       1.38133
    -149.57272     -17.53308       2.37186
     -75.17633      40.01316       1.44616
     -49.23095     -25.44837       2.33457
     -70.87988     -53.13695       2.28951
     148.26461     -32.99877       2.11242
      -1.93152      43.32176       1.53249
    -106.41393      31.76977       3.10224
      21.78675      38.28366       1.66289
     -95.71851      31.77827       1.89389
      98.52622      -0.03160       2.41130
      -2.45748      50.52178       1.15006
    -122.41895      37.85305       2.42531
      92.71225      11.63781       2.15886
      92.71214      11.63778       1.76878
     -87.18942      30.46902       1.60981
     -25.66276      37.74775       1.55029
      19.28153      47.78960       1.23942
     115.88525     -31.80197       1.40869
     158.60708      53.06673       1.61053
     158.65013      53.02330       1.57709
    -123.45113      48.64853       2.34176
      31.34340      29.86155       1.85531
     -90.16197      51.47981       2.06031
    -108.11893      34.30151       1.55017
     121.07773      14.63572       2.18671
    -116.45816      33.61216       2.19541
    -117.24303      32.66542       1.57887
     -34.03346      66.89773       1.06708
     -15.40761      28.14671       1.60730
      -1.11120      50.80233       1.77947
      -4.12618      50.41647       1.45333
     -85.67819      30.20459       2.09167
     147.36601      -2.04323       1.99104
     -51.11976     -30.07404       2.47829
     158.21012       6.95994       2.54529
      74.69427      42.67977       1.68357
      34.54293      49.60261       1.20943
     -70.70953      43.07102       2.03887
    -116.59086      32.61841       1.60068
      13.06609      52.37930       1.15298
     -63.89632      -8.70934       1.93018
    -122.38995      37.18709       3.37862
     -51.40853     -22.11990       1.78089
     -97.51925      34.97987       1.63594
    -114.29350      50.87135       1.58449
      28.22404     -25.74635       1.63135
       5.37271      43.27676       1.28497
     -67.04537      17.97040       1.74592
     121.04077      14.53544       1.91595
      10.45975      52.29619       1.16452
     150.91370     -34.47555       1.42156
     141.61347     -38.34440       1.21283
    -123.01872      37.99617       1.79085
    -124.25520      41.78274       1.89717
     138.48572     -35.09470       1.12090
     -67.06696      18.46298       2.72291
     -67.06684      18.46319       1.75561
    -118.40425      33.74330       1.69530
    -118.40425      33.74329       1.99905
     -52.68837      70.74040       0.93973
     -46.04776      60.71526       0.97233
     -64.03367      67.55934       1.91362
    -125.33083      50.13250       1.73090
     169.81583     -43.53166       1.92367
     -78.49361      -0.21516       2.11787
    -120.94443      39.97455       1.89939
      -6.85429      33.99810       1.35797
      34.76314      30.59761       1.70657
      32.07838     -28.79555       1.83147
    -119.72000      34.49998       2.01165
      36.89348      -1.22083       1.50162
     -80.38407      25.61410       1.51967
     -34.95152      -8.05096       2.74521
     -75.56998      39.56145       1.56614
       5.14488      50.00150       1.48840
      17.11753      54.47238       1.16457
     -94.89369      74.69082       2.29163
      55.57172     -21.20823       2.11739
     -21.95549      64.13878       1.65835
     -21.95548      64.13879       1.96718
     -77.42966      37.53790       1.17067
      24.05877      56.94862       1.21328
     -50.99396      71.84850       1.18433
     -67.75112     -53.78547       1.50592
     -67.80281      -9.96546       2.26829
     -78.65111      -1.65060       1.94613
      -6.20626      36.46427       1.69233
     163.19011     -77.03444       1.02130
     -52.95209     -22.52330       1.72091
      -3.96573      48.71844       1.36963
     -68.12578     -67.57139       1.76038
     150.79008     -23.16099       1.95275
     -65.10725     -43.29888       1.71147
     -76.70935      39.25463       1.43199
     -74.23440      40.68053       1.39193
     -66.64234      45.95014       1.57868
     137.93433     -32.47029       1.63717
      -1.80579      46.53003       2.12241
    -125.24986      71.99033       2.51886
     -83.83777      43.62864       3.08203
     -67.05778      -0.14385       2.14735
     -44.21248      -2.59346       1.65178
     -38.51236     -13.00867       3.33769
    -171.73842     -13.84921       2.41289
      98.71472       3.62161       2.77405
     167.20320     -15.44714       2.56551
     -70.66855     -33.15029       1.96284
    -121.44718      36.76530       2.65763
       9.40251      41.85833       2.04018
      -2.76981      47.52449       1.11637
    -106.39835      52.19626       1.11680
      13.64329      54.51359       1.32900
     -81.69634      32.13860       1.99290
     -38.43225     -12.93925       1.70551
      17.87921     -29.66933       1.65596
    -122.41044      37.68622       2.30233
    -123.00761      48.54619       2.18931
     -79.93800      32.78292       1.48040
     -66.83262      54.83209       1.42605
     -79.92536      32.77948       1.42379
     -78.73525      33.93993       1.43545
      -6.29580      49.91456       1.03645
    -118.48794      32.91443       1.86651
      -1.68168      43.39523       1.40897
     -21.95034      70.48533       1.13232
     -75.76232      20.01206       2.12087
    -122.30948      47.65398       2.15044
      77.01690      43.17873       1.68189
       3.69912      43.39765       1.38090
      55.47940      -4.67372       3.70871
      -6.20565      36.46435       1.44364
      25.04655      60.20019       1.22120
     -73.12496      40.91468       1.48539
     -99.18861      19.74124       1.80008
     126.95553      37.46252       2.20625
      24.96116      60.20385       1.27527
      79.87417       6.89207       2.11837
     121.20044      31.09964       1.69373
      75.31547      42.62071       2.02025
     -64.55201      46.22069       1.73525
       0.74341      51.44568       1.56917
     -74.01160      40.47149       1.70698
       0.82702      51.55479       1.03802
      18.43957     -34.18794       2.69890
    -117.25041      32.86470       1.73782
    -117.24969      32.84073       1.88577
       4.67658      45.87908       1.21148
      21.04829      64.87920       1.30956
     -95.19678      16.16843       2.39391
      55.28802     -21.19596       3.41409
     135.93695      33.57786       1.54858
      -2.02747      48.64108       1.07292
     -79.15806      35.47353       1.31089
    -119.52436      33.24787       2.56321
      23.39473      42.55609       1.80236
     -76.45389      38.31888       1.36955
      46.40057      24.91068       1.21494
     -61.66272      16.04498       4.17479
     147.93085     -42.54644       1.70815
    -118.64616      34.05934       1.52180
      16.43845      43.50664       1.54700
    -115.46586      31.04504       2.29748
      12.89135      57.71496       1.26701
     -54.39370      72.91068       0.98785
    -120.06522      34.00433       1.92938
     -38.51648     -12.97516       2.53794
     -89.11660      13.69709       2.15714
       5.59862      59.01771       1.28607
      -5.66735     -15.94253       1.75477
     -52.67830      47.59523       2.19871
     -52.67775      47.59524       1.28718
     141.84482      43.52865       1.63528
     -89.75869      38.61109       2.77620
     145.21404     -38.37518       1.21235
     -91.90331      44.30395       2.26098
     149.01005     -35.31553       1.57449
     149.01015     -35.31616       1.62857
     -64.97445      18.34009       2.06182
      24.01449      49.83559       1.31752
      73.99711      44.20813       2.32447
     153.03530     -27.48489       2.20549
      20.81046     -32.38021       1.70694
      20.81091     -32.38143       1.70169
     127.05424      37.27551       1.34054
      29.78088      60.53286       1.28797
      -3.98177      51.56556       1.05442
      -6.38895      58.20759       1.50184
     151.15038     -33.78088       1.24478
      39.58374     -69.00696       1.30328
    -117.67828      34.38185       1.80998
    -149.60619     -17.57703       2.20943
     174.76989     -36.84360       2.09225
      72.21045      42.44547       2.03607
      -0.86172       9.55426       1.94019
     -97.86403      22.27832       1.86980
      39.20792      -6.76559       2.94386
      -5.60262      36.00851       2.57443
      69.29557      41.32805       1.64522
    -149.47553     -23.34180       2.29460
      51.33409      35.69728       3.66516
      34.78090      32.06800       1.98318
     -27.15299      38.71899       2.38900
       5.21939      53.36274       1.56514
      -5.36301      35.56164       2.94960
    -125.90784      49.15414       2.32969
       6.74792      53.55743       1.08385
       8.85917      54.12174       3.70991
       8.68705      54.73051       7.42281
       7.55475      58.00638       1.53809
       7.18628      53.33677       4.27000
       7.03068      53.32717       1.73677
       8.09264      53.77171       1.54697
      15.65103      38.10832       2.12878
    -149.60645     -17.57706       2.20975
     -68.78801      76.53734       2.24029
     -68.82504      76.53705       1.35357
    -122.44760      37.89087       2.14238
     148.98000     -35.39920       1.72389
     -42.28615      62.53554       1.43549
       6.43163      51.03531       1.56132
     128.86642      71.63447       2.43146
     128.86639      71.63446       2.72855
       1.48089      43.56069       1.02541
    -105.23271      40.13093       2.40111
     -16.24115      28.47718       1.96296
     -85.37805      35.39048       1.41020
     120.98734      24.79795       1.95788
      11.99995      42.06401       3.27621
    -175.17922     -21.14471       3.22575
     -48.33068     -10.17105       1.94171
       7.66128      45.06337       2.14283
    -118.33060      33.79780       1.68651
      -6.76452      62.02330       1.94404
       1.48076      43.56077       1.63522
     147.05569     -19.26928       1.78282
      39.77556      40.99471       1.37892
    -117.80343      33.61793       2.06409
      10.31916      63.37138       1.43510
     -41.37507      64.27707       1.22191
      13.76352      45.70976       1.60210
      18.93965      69.66272       1.56741
      18.93833      69.66275       1.56126
     140.08750      36.10568       1.46041
      29.45068      40.78673       1.38301
      24.07056      35.53319       1.65898
     -65.23035     -26.84326       2.58409
    -132.99435      69.43824       2.80431
     179.19656      -8.52529       2.30918
     -94.77264      29.32787       2.16121
     -94.78930      29.28514       2.61498
    -118.44191      34.06912       1.93035
    -125.54164      48.92564       1.99563
     -70.40927     -23.67897       1.73186
    -104.40153      19.12410       2.37552
    -122.45815      37.76297       1.88071
     107.05233      47.86507       1.22773
      31.42092     -28.29312       2.02778
      -5.15937      57.89497       3.50303
     116.11203       6.03923       2.85247
     -66.64170      45.95021       2.10883
     -99.18130      19.31270       1.68072
      12.35570      43.11939       1.83204
     -86.86817      20.86850       1.69927
     -65.40764     -24.72746       2.01125
      11.87793      45.40672       1.75483
    -155.88381      20.24589       5.88625
      87.60067      43.80795       2.40314
    -118.28511      34.02395       1.61759
    -120.66109      35.31180       2.11629
    -109.68105      29.82165       1.78995
     -77.06627      38.92057       1.17598
     -76.47939      38.98335       4.08361
     -77.06623      38.91896       1.32224
     138.36204      36.13311       2.28495
      22.29762      48.63198       1.51715
      21.77064      62.96119       1.20675
      13.72418      49.13379       1.27767
      57.49704     -20.29708       2.10889
     -76.49937      37.24862       1.33622
     -77.56417      48.09706       1.95233
      -0.33765      39.48083       1.63603
     -71.63503     -33.02793       2.34577
     -71.62609     -33.02724       1.67668
    -120.56351      34.82661       2.45611
     168.31515     -17.74397       2.05105
      31.03119      70.33637       1.34273
     168.15611     -15.48254       3.10625
     -62.26923     -38.70077       4.29977
     -99.21732      36.07171       3.97426
      12.35408      45.43057       1.19938
      12.33198      45.43698       2.28750
      -2.84178     -71.67380       1.28693
      -8.81307      42.18398       1.32685
     -64.79813      17.71618       2.00649
      16.55993      64.69785       1.24445
     168.31950     -17.72889       2.80954
      -3.95198      40.44359       1.35341
     -75.68701      37.60835       1.34939
      18.36732      57.65387       0.99741
     -64.96921      18.34333       2.11915
       3.59733      51.44288       1.38573
     -64.25416     -65.24601       1.58070
    -120.61645      34.55631       2.06328
     -72.30861      18.52868       2.74000
    -118.29382      33.71264       1.52296
     -72.47757      43.28147       1.42959
       7.46425      46.92375       1.05470
     174.66278     -36.43441       1.40025
      12.10142      54.16979       1.12235
     -77.06623      38.92045       1.59904
     -77.06630      38.92057       1.68907
     174.77871     -41.27265       2.15985
     -71.49333      42.61334       1.50047
       1.13034      52.94487       1.16821
     174.80589     -41.32346       2.26067
     174.78159     -41.29044       2.07832
    -118.03117      33.97988       1.98926
    -135.22211      60.75051       1.47186
     154.22012     -79.84570       1.59672
    -116.39178      33.93476       2.22245
    -122.16781      52.23687       1.43514
      17.08943     -22.57492       1.85742
    -122.14057      37.65264       2.22881
     -92.01521      46.70506       1.74557
      18.41875      54.79676       3.75451
     -92.78191      31.89723       2.22706
     153.03527     -27.48496       1.84399
    -118.42761      33.95815       1.79411
      17.06204      51.11326       1.18664
    -122.92119      50.12654       1.99739
    -106.34983      32.40714       3.94544
       6.60451      52.91461       1.09643
      12.87890      49.14423       1.21501
      12.87893      49.14420       1.41783
      12.87891      49.14420       1.19977
      12.87863      49.14479       1.16080
      12.87894      49.14423       1.69562
      12.87890      49.14421       1.24442
     114.35726      30.53165       1.74909
     -83.10815      29.63101       1.64652
     109.22149      34.36867       2.02821
     105.68850     -10.44997       3.26679
     129.68030      62.03096       2.17986
     115.34698     -29.04655       1.88704
     115.34715     -29.04650       1.21257
     115.34697     -29.04659       1.60409
     -63.67998     -22.01710       1.54863
      -3.08863      40.52490       1.17017
    -114.48084      62.48132       1.38525
    -114.48070      62.48089       1.82540
      56.11233      22.18646       1.71172
      -5.24009       6.87056       1.42736
      34.92827      30.99157       1.54518
     142.71672      47.02974       1.13058
      28.31101     -15.42554       1.83749
      41.56507      43.78839       1.49020
       3.20823      51.33586       1.27368
    -157.92082      21.31299       2.90775
       7.46503      46.87709       1.19222
       7.46510      46.87714       1.80503
       7.46528      46.87710       1.34732
     -65.99348      18.43134       2.09141
      36.75839      55.69928       1.54105
      36.75863      55.69928       2.56748
