     139.54766      39.18556       1.70593
    -160.47676      55.34928       1.73497
    -168.06213      65.61498       2.95388
    -165.37346      64.56450       1.95395
    -176.66265      51.86415       1.87590
    -138.89881      59.34037       3.50952
    -135.22830      59.52804       1.53703
    -134.54530      58.41678       1.83144
      -2.08022      57.14401       1.61170
     -61.52754      16.26230       1.73283
      47.22921     -19.01831       1.83225
    -149.72401      60.48133       2.39203
      -8.39893      43.36438       1.63477
     -70.88659      41.74325       1.37816
     -61.08646      16.29686       2.07319
     138.64735     -34.72900       1.44719
      38.76630       9.03513       2.62282
     130.59959      31.82406       2.03083
    -131.59954      55.06907       2.15423
       8.76261      41.92746       1.57043
      -0.48123      38.33892       1.43756
    -123.48747      48.38978       1.96624
     117.81018     -34.95023       1.97566
     -88.07798      30.24917       1.41191
     -78.07137      45.95580       1.54148
     133.88552     -23.67012       1.41077
      -2.45945      36.85253       1.61677
      34.60665      31.70794       1.54257
     -62.34046      82.49429       2.19490
     167.67930     -15.41952       2.80227
       0.99433      49.85939       1.22337
    -104.52459      38.80312       1.59106
      35.87954      32.02855       1.87544
      16.13482      69.32606       1.81545
      16.00870      69.27837       1.85721
     -95.48507      29.30148       2.32724
      32.75847      39.88737       1.82186
     -76.60925      39.01029       2.04229
     -71.53205     -37.33870       1.89455
     -98.57664      29.49121       2.21147
    -118.83032      34.15744       2.58170
     -80.16220      25.73469       1.83870
     -71.49279     -16.46551       1.60650
     -71.49280     -16.46552       1.51421
      -6.78352      61.99737       1.88498
     -97.05896      27.83835       2.28587
      58.56046      56.42982       1.52238
     -14.41207      -7.95121       2.45999
     -82.54620      35.59945       1.76704
    -170.72243     -14.32610       2.21311
     174.83439     -36.60284       1.46921
     174.77042     -36.84376       2.83588
     -97.75632      30.31170       2.18707
      23.00372      40.56682       1.59080
     -68.30357     -54.83953       2.20041
    -166.54184      53.87564       1.91431
     167.09334     -15.64359       2.40064
     102.23498      51.76971       1.40674
      50.60815      26.20914       1.74939
     -68.26333      49.18683       1.90489
     -96.00234      64.31782       1.84856
     106.84891      -6.49105       2.23815
      49.81441      40.37217       1.68256
    -125.13510      48.83533       2.50527
      77.51162      13.03432       2.33649
    -119.02973      33.48045       1.87335
     -68.22169      44.39505       1.44972
    -162.70716      55.19027       2.77955
    -162.70676      55.19042       2.58581
    -126.84264      50.54428       1.93903
       3.13670      42.51532       1.77145
     -48.46255      -1.40879       2.27064
       1.40114      41.59962       1.66289
      -1.53691      43.47196       1.31350
     166.45338      68.06531       1.74193
     166.43796      68.07613       1.44334
     113.09434       3.24032       3.22976
     113.06722       3.26151       4.28934
    -135.53930      56.85449       1.94609
       2.45002       6.38466       1.41556
     115.89249      39.60860       1.57472
     116.22413      40.24533       1.64083
     168.29209     -46.58506       1.34856
    -114.71485      33.61042       1.82569
      -1.82961      49.65920       1.34551
     152.32100     -24.90822       2.25407
     -60.70111       2.84518       1.75962
      21.03534      52.47595       1.24612
     -74.08094       4.64007       1.83090
     -43.42174     -13.25556       2.21954
      17.07346      52.27696       1.23682
       6.66643      53.57891       1.22865
       6.74745      53.56364       1.35621
     -47.87787     -15.94747       1.78720
    -119.68263      48.13152       1.47967
     -38.42554      -3.87745       1.49626
     -64.69627      32.37040       1.34217
     122.20908     -18.00398       1.70540
      -4.49659      48.38049       1.86646
     -69.94658      43.88982       2.43494
       4.35922      50.79782       1.65835
       4.35856      50.79806       1.40579
      35.02298      32.77898       2.01153
      26.12574      44.46394       1.31838
      12.50002      55.73902       1.29054
     -58.51930     -34.57370       2.26864
     -77.01042       3.88202       2.37148
     145.91485     -41.05007       1.99492
     -66.16120      18.40784       1.92138
    -124.56335      42.83610       1.92780
    -124.18430      41.74560       2.31394
       8.97275      39.13591       1.86564
     -75.80733      45.58502       2.50243
       8.97276      39.13589       1.70338
     -77.14932     -12.06288       1.92355
     -90.54017      19.84443       1.84278
      -3.79806      43.47198       1.45832
    -120.43084      35.88835       3.11737
     -75.53385      10.39133       2.37667
     110.51971     -66.28336       1.14095
    -118.89666      37.64464       2.49184
      -9.41852      38.69342       1.43461
     -77.87539      34.34465       2.22001
    -118.48301      33.44577       2.63227
    -118.33381      33.31162       1.86287
     -65.77412     -28.47098       2.14114
     -52.30997       4.94877       3.55197
     142.19503      27.06753       3.55981
     142.18458      27.09558       2.91363
     -80.54523      28.46023       2.22770
     -80.54548      28.45996       1.52754
      -4.36785      40.45343       1.32207
     133.80983     -31.86667       1.40030
     -40.31945     -20.31079       2.02777
      -5.30639      35.89197       2.05522
      -5.31133      35.89605       2.28585
     -68.23265     -31.60217       1.60122
     -79.84287      32.75757       1.74815
     125.44420      43.79069       1.63132
    -176.56584     -43.95579       1.50642
     -84.46565      45.65349       2.63205
     -88.29922      18.49528       1.91244
     -81.80713      24.55048       1.71057
      -0.40770      46.13346       1.91630
     -75.08769      38.77679       1.70376
     -44.98516     -22.68715       1.54184
     -69.95005      41.67120       3.01187
    -176.61711     -43.73547       1.28090
      74.75110      42.99850       1.99944
     -94.08873      58.75908       1.36899
    -122.00843      49.15661       1.88701
    -116.66576      31.87068       1.92118
    -118.12728      34.13671       1.43321
    -159.80061     -21.20103       2.75858
     153.26654     -27.52615       1.54049
    -124.39633      40.44177       2.30217
     -86.82090      21.17465       1.91203
     169.85585     -43.66624       2.07740
     145.74309      15.22970       2.41766
       7.01573      43.55458       1.27509
      96.83397     -12.18835       1.43065
     -81.12168      34.08100       1.90548
     -73.02538     -36.84284       1.50170
     -73.02548     -36.84376       1.68469
     -70.33824     -27.38453       1.62747
     -97.44168      27.74080       2.18156
    -123.30460      44.58554       2.22721
    -117.80889      35.98234       2.55781
    -110.97188      32.22446       1.83349
       2.37412      51.02295       1.19922
     -75.71270      36.90463       2.83146
     -71.89208     -45.51434       2.29630
    -122.25652      46.84009       2.14356
      33.99098      44.41326       2.59450
     166.66824     -77.84804       1.57989
    -117.09968      34.03905       1.24091
     -64.58432      17.75690       2.38827
    -119.78481      34.02926       2.02786
      34.89019      32.48825       1.70216
     -72.04972      41.33530       1.22526
     -71.88914      41.89970       1.50435
      18.46855     -33.95144       2.28137
     -72.48794       7.89846       3.22718
     -56.06987     -15.55526       1.91977
     -65.28252      18.30744       1.86349
     100.53392      13.73592       1.54303
      40.07140      12.06612       3.14798
     127.37448      36.39943       1.57862
     -17.46510      14.68454       2.20193
     -17.43947      14.72123       1.88917
     130.89149     -12.42401       1.74262
     131.13274     -12.84370       2.08777
      77.97261     -68.57732       1.23440
      23.99264     -30.66521       1.81341
      72.37024      -7.26969       1.91983
       2.34475      50.99365       1.39767
      -2.07598      48.58993       1.38693
       1.66164       9.69206       1.79732
     -61.67766      76.35162       0.93637
     -75.52360      39.16009       4.31830
      35.39207      31.59320       1.68329
    -119.62498      49.32262       1.75722
      35.36882      31.03691       1.78747
     -95.86618      50.25881       1.51341
     140.00196     -66.66508       1.67377
     170.59717     -45.88366       1.38845
     170.62941     -45.81432       1.99770
    -122.08016      47.77410       2.47582
      23.93243      38.07855       1.87522
       0.49236      40.82089       2.54425
      -3.29479      55.92479       1.27779
      15.08208      37.51360       1.50286
    -147.11297      64.68794       3.62380
    -109.38329     -27.14821       3.87527
      34.92060      29.50928       1.91121
     -89.86761      16.91606       2.25690
      35.77065      33.18201       1.85687
     -89.94173      29.87896       3.00416
     -66.99213      44.90871       1.50679
       1.56756      50.68035       1.21734
       8.45683      55.49357       1.47968
       8.43977      55.46027       1.82360
       0.97567      42.69358       2.24349
     -64.79871      47.07340       1.41366
     121.89432     -33.87432       1.39305
     167.19192     -15.97367       2.80792
     -86.36213      13.09954       2.59127
      38.76282       9.01986       1.67390
     -85.93759      79.98895       3.34172
     -85.93992      79.98854       3.05239
     -75.87340      23.56405       2.16231
    -145.74986      60.54870       1.95930
       7.49729      43.77443       1.93646
    -149.61430     -17.55531       2.02465
    -147.49924      64.97800       1.60421
    -147.49852      64.97815       3.40273
    -171.99953     -13.83221       2.18894
     -57.87407     -51.69365       1.32894
    -123.00077      37.69721       2.05730
      -1.24883      44.64595       2.49138
       6.73257       0.33767       2.39038
      14.50354     -22.95035       2.35480
    -101.97803      54.72558       1.43510
     -80.37357      25.75460       1.59527
     160.27141     -77.53273       1.37901
     -31.12639      39.45383       2.26946
     -71.44191      42.30006       1.59931
     -61.58197      15.87533       2.98029
     -38.42561      -3.87745       3.19455
      -7.33665      54.98376       2.17919
     -66.65988      45.93351       1.84062
     -58.98050     -62.19410       3.12567
    -178.12094     -14.30781       2.96246
     162.56470     -78.92767       1.34096
    -123.95609      46.20489       2.50245
     -16.90762      32.64795       1.91945
      -8.58909      41.10602       1.66758
     -94.73681      29.32988       2.21109
     -90.30362      -0.74270       1.99197
    -134.96482     -23.13036       4.05715
      20.32294      49.03471       1.54829
      -0.00601      16.25212       1.84507
      12.24944      44.67690       1.47364
     -81.02290      31.98758       1.46207
     -81.37945      19.29295       1.83924
       8.92114      44.41939       1.46291
      11.92293      54.57443       1.17017
     102.10546       6.22619       3.64011
      -5.36499      36.14818       2.43402
      35.41648      32.47934       2.00553
     -90.30367      -0.74300       1.46095
     -76.49946      37.24854       1.68181
      30.49673      50.36418       1.52592
     -15.63427      27.76478       1.37483
     131.01557      30.55645       2.24921
     -76.82683      39.02173       1.34743
     -76.82709      39.02118       1.78712
     -76.82732      39.02052       1.76031
    -116.88925      35.42516       1.95441
      14.78562      49.91370       1.34810
    -114.17970      40.64017       2.43111
      -9.88072     -40.34883       4.22530
       6.92057      43.75474       1.41226
      15.49348      47.06713       1.25084
     -89.95730      29.26553       1.47324
      -3.50798      47.64801       2.71222
     144.86836      13.58933       2.65386
      87.17731      43.47111       1.35062
     -90.52018      14.59040       3.19318
    -118.28968      28.88406       1.80820
      -4.41182      48.44460       1.38389
    -135.69705      58.41776       1.95989
     144.80271      13.43321       1.97168
      36.09992      29.13887       1.84712
     -90.46763      30.51308       1.82630
      27.70724     -25.88696       1.57730
      27.70776     -25.88711       3.03912
    -120.68207      34.46940       2.41906
      -1.77796      49.58066       1.67908
       7.89309      54.17448       1.49884
    -110.96721      29.09255       2.05769
       0.33627      50.86731       1.52337
       0.33435      50.86748       1.64877
      11.38609      47.31290       2.48089
     115.73858     -31.82552       2.28985
    -155.05269      19.71918       2.06557
       9.96755      57.59110       1.35844
     -95.86338      35.68275       1.41926
     -63.61128      44.68355       1.37098
     142.29621     -10.59037       2.16345
    -157.86455      21.30329       2.46694
     -76.13037      38.58882       2.72603
      19.22306     -34.42463       1.86114
     147.43873     -42.80471       1.53520
       8.29339      54.75875       1.56363
     -15.19792      64.26729       1.70483
      10.15680      54.37292       1.32246
    -128.13500      50.64035       2.00927
    -117.76124      70.73630       1.75567
      -4.64207      53.31773       1.15611
    -123.07473      38.99518       2.20498
     170.10551     -43.77733       3.88481
     -61.70306      15.97961       5.04442
     -95.43299      29.77942       2.87991
      27.68698     -25.89010       1.75330
      -1.28389      51.45374       1.29881
      -6.92030      37.19998       1.42203
      92.53241      10.60951       2.67011
      78.55087      17.41726       2.12462
       1.44897      38.91125       1.48872
     -90.52747      19.85346       1.84685
    -111.11027      43.74612       1.91506
       7.63940      45.01513       1.59570
      -5.10846      33.53963       1.51555
     -58.43932     -34.57224       1.94703
    -115.03180      32.70617       1.84380
       4.55606      52.46197       1.47206
     -51.34338     -20.42778       1.79413
     -48.65572     -28.23484       1.89074
     -47.49723      -5.49177       2.03112
    -102.28420      21.85615       1.74749
    -133.52696      68.30619       1.47670
    -110.33074      24.14527       1.41875
     -68.51050      63.75596       1.36068
     -70.13171     -20.27354       1.64099
     -73.26871      -3.76735       2.20052
     104.31618      52.21902       1.29064
     104.31624      52.21902       2.08639
      44.43840      33.34141       1.40454
     -87.05583       5.54434       2.48932
    -109.34441     -27.12498       1.94147
      29.01934      41.10445       1.52857
     132.89390     -12.65885       1.71988
     132.89453     -12.66015       2.03704
     -76.78087      17.93902       3.23593
      57.76390      25.64949       1.64671
      42.10363      16.69918       1.79239
      30.09616      62.39117       1.43027
      21.03235      52.09784       1.22186
      21.03154      52.09727       1.71163
    -118.17323      34.20482       1.81968
    -118.17430      34.20158       1.55856
      35.20245      31.77115       2.00628
     -81.70148      30.48404       1.82022
      35.14506      33.02282       1.64064
     169.77516     -43.60839       2.03058
       8.41126      49.01125       1.53449
     117.09719     -20.98143       1.37017
     132.15327     -14.37600       1.44037
     132.15250     -14.37508       1.54400
      27.78078      35.95148       2.40029
      35.68828      32.99525       2.05687
     120.97774      13.98688       4.51634
    -122.89607      46.11818       2.19851
     -50.94484      66.98742       1.56286
    -151.35018      60.67508       2.20806
      70.25552     -49.35147       2.01160
      70.21793     -49.35218       3.41815
     139.48853      35.70677       2.07501
     139.48812      35.71034       1.66038
     135.04616      48.52145       1.39487
      36.23901      50.00510       2.23882
      -5.05234      58.45877       1.41008
      21.06024      67.87758       1.50940
     172.92290       1.35458       2.05344
      20.96845      67.85735       1.61649
      66.88545      39.13477       3.00814
      21.11888      55.71536       1.53480
     -63.52739      81.25271       1.65520
    -152.19343      57.61769       1.93827
    -152.50138      57.73511       1.85428
    -159.75817      21.98349       2.80266
    -159.66493      22.12626       2.01893
      -3.90241      47.86575       1.38576
      13.72456      45.54811       1.68092
       5.80964      52.17843       1.56829
     -52.80597       5.25219       1.87827
     164.28734     -20.55869       2.57550
     -52.63975       5.09847       1.70814
     -52.80596       5.25218       1.91406
      70.25551     -49.35154       2.69597
      17.12503      39.07994       1.22206
      92.79383      55.99325       2.00675
      78.61906      50.71395       1.61653
     140.65767      35.95537       3.85555
     -35.57631      66.86328       1.23240
      33.96946      44.39289       2.12113
     103.13915       5.31889       2.77103
     -57.22705      74.58062       1.00074
     -37.14936      65.57933       1.66172
      78.19039      41.86353       2.79864
     102.79720      25.02954       2.29289
     -77.74544      55.27836       1.77205
      47.97149      29.32497       1.89921
     167.73024       8.72221       3.10068
     -81.75428      24.55369       1.63285
     -81.65303      24.58227       2.18868
     146.99319      -6.67371       1.88752
      -8.66838      37.09894       1.43418
     -61.16311      14.81296       2.84973
      20.66994      53.89240       1.19646
      12.60566      35.49977       1.47157
     133.21276     -15.57316       1.72386
     177.44658     -17.60881       2.07687
      80.95589      26.91244       1.72847
     159.07852     -31.54146       2.35987
    -118.32175      34.13460       2.32971
     -85.03119       9.94537       2.39810
      91.10399      29.65734       2.22774
      34.86631      31.37782       1.64069
      91.10403      29.65733       1.56931
     -65.59525     -38.00266       2.12276
    -159.33925      21.98456       2.20295
      -3.01823      53.44970       2.43117
     -95.14575      29.91346       2.01772
     -57.85074     -51.69841       1.50428
       1.97305      42.47813       2.11668
     -60.99618      14.59482       2.47768
     -97.48074      36.68545       3.08804
     159.06120     -31.51989       1.59563
       1.75020      52.47323       1.55101
     -17.89383      28.76387       1.58005
    -110.31935      24.13880       1.58403
     -57.93230     -34.90675       1.67901
     167.26378     -20.91799       2.27483
      -4.76040      48.44626       1.26865
      -1.21932      46.15894       1.28033
      -1.14027      60.15405       2.62012
     -40.19805      64.43048       1.89502
     172.72222     -43.60584       3.49763
     158.93583     -54.49953       1.54080
      -4.24966      40.42916       1.99935
     168.05759     -14.96807       3.64532
     150.77002      59.57575       3.50094
     171.36452       7.11915       1.90433
      40.19414      -2.99606       1.47675
      -4.39353      36.72612       1.82094
      73.52629       4.18868       3.98060
      40.19440      -2.99591       3.29867
       2.62455      39.55263       2.47444
     -86.24899      12.14894       2.07301
     -51.09734       0.04669       2.01313
      17.25853      60.59514       1.39482
     -71.62443      10.67398       6.68559
     -65.69462      77.18704       0.84977
      37.86099     -46.87646       5.08165
       5.35379      43.27877       1.37875
     -15.63328      27.76374       1.31675
      16.70455      40.64906       1.43938
      16.70446      40.64913       1.49495
    -156.25702      20.70665       1.67804
      62.87072     -67.60477       1.28763
     -67.15887      18.21759       2.14698
      30.73788      -0.60147       1.91218
     -82.53232      27.84982       2.31987
     153.97866      24.29009       1.41060
     166.66933     -77.83835       1.23150
    -104.01499      30.68051       1.94296
     -76.45388      38.31892       1.39582
      37.21450      56.02149       1.87564
      37.22359      56.02748       1.81113
      11.64681      44.51996       2.26119
     -89.62032      20.98005       1.62007
      34.25585      36.56639       2.01734
      24.39532      60.21747       1.26290
      24.39533      60.21748       1.64813
      25.53997     -25.80502       1.83462
     -69.39792     -35.77735       2.26876
    -121.64258      37.34153       2.02664
     -80.16017      25.73281       2.65793
    -120.35139      34.03826       2.09799
      31.97284      46.97278       1.46702
     -87.88845      43.00254       2.09456
     141.13283      39.13517       2.76467
    -155.45634      19.80135       1.51680
     -87.39181      32.09026       2.38484
     -88.02410      30.22752       1.73611
      36.56971      55.11488       1.73691
      36.56952      55.11488       1.89003
     144.97534     -37.82941       1.42032
    -116.42235      32.89194       1.78878
      -1.68550      55.21279       1.93454
     -57.57130     -38.00577       1.84292
     -57.53114     -38.03560       1.91442
    -105.24920      20.67900       1.99338
     172.65470     -43.70273       1.62666
    -109.71764      23.16045       2.06130
     170.46494     -43.98570       1.76274
    -100.31291      25.71551       1.89094
      85.52122      27.69272       2.62573
     -61.68872      56.53698       1.44995
      42.04465      19.21142       1.49453
    -124.08648      49.29481       1.54492
     -81.77629      26.14864       1.75819
     -77.46226      25.05254       1.80879
     166.92555      -0.55173       1.86304
     -60.05502      -3.02292       1.87650
     -75.75134      36.18168       1.84775
     -89.61028      30.35628       1.73236
    -124.62491      48.29786       2.11514
     -47.92497     -25.02024       2.22282
      -5.54279      50.10303       1.66495
       7.22726      43.70326       1.61308
      33.39645      35.14099       1.43057
    -105.26260      39.99507       2.02549
    -105.26225      39.99543       2.07847
    -169.92707     -19.07653       1.98202
     -74.80290      39.10067       1.47004
     -74.53082      39.47452       1.42228
     -74.17770      40.74148       2.13784
       9.67212       0.35391       1.84125
     -91.57490      41.77159       1.79499
     166.44251     -22.26479       1.50065
     116.19272     -31.04874       1.33610
     -44.90106      61.63188       2.53947
     167.93883     -29.04335       1.55043
      14.98979      36.87584       1.93585
      14.98981      36.87611       2.28555
     166.41020     -22.26985       1.71883
      82.90949      55.03050       1.54033
      -0.33964      51.42098       1.19381
     174.11817     -39.18256       2.28171
     -71.32754      41.50985       1.37324
     -75.62383      45.45416       1.62797
      35.03604      30.03842       1.67012
      88.35978      69.36183       1.39043
     -77.02440      38.82075       1.50301
     166.48488     -22.22833       1.66205
      -1.43257      55.00891       2.23025
      44.50293      40.22646       1.39788
    -116.97268      32.57931       1.85623
      -1.43987      55.00742       1.71896
     103.67996       1.34580       1.97628
      30.08968      -1.94455       1.72077
      83.23544      54.84061       2.23383
      11.86531      78.92955       1.34784
      11.86509      78.92958       1.37557
     -74.01432      40.70107       1.36548
     -73.73008      40.71953       1.41170
     -96.71674      17.07834       2.57394
      11.27987      48.08617       2.41519
      11.27980      48.08618       1.30247
    -102.31516      31.87393       2.00630
    -117.04177      33.13061       2.18711
     -57.90133     -63.32108       1.78071
     -57.90139     -63.32109       1.59831
     -57.90034     -63.32072       2.37850
     -88.86248      34.09026       1.75952
      11.92552      57.39530       1.29354
       2.92229      51.22541       1.16505
       2.33494      48.83592       1.28610
      20.79405      41.12731       1.90418
      10.36776      59.73659       1.52898
     127.02403      37.07757       1.38397
      -1.51250      12.35639       1.78695
     170.51093     -45.86947       1.65930
     170.51092     -45.86950       1.74118
     -96.05488      16.51997       2.25819
    -123.72620      38.92835       1.74541
     140.85831      43.20953       2.25305
     139.48919      42.07879       1.75323
     140.85921      40.89750       1.74105
     139.70346      39.94212       1.74172
     139.54596      38.56334       1.63289
     140.96241      37.83079       1.76859
     140.24945      35.12938       1.89673
     139.61553      35.16015       1.64811
     138.28125      37.81476       1.70928
     138.50851      37.35654       1.56709
     136.90032      37.40573       1.68374
     136.14884      36.25458       1.40234
     139.13296      34.89549       2.68064
     138.76420      34.80690       2.13176
     138.32741      34.87067       1.74394
     136.82384      34.90397       1.73065
     135.19154      34.14415       1.51358
     134.31593      35.59369       1.51883
     131.60465      34.62759       1.61775
     133.24350      33.33350       1.67583
     129.84929      33.47308       1.66637
     131.66960      32.42862       1.66465
     130.19106      32.01741       5.01538
     127.82467      26.17947       1.56218
    -124.23704      40.69109       1.65593
     141.68533      45.40782       1.50074
     144.28579      44.01941       1.60082
     144.37140      42.97557       1.53740
     140.72453      41.78166       1.53214
     139.82492      34.91879       1.64853
     137.22457      36.76217       1.59893
     135.77319      33.47595       1.70158
     132.06621      34.89731       1.48907
     129.86620      32.73512       2.41465
     131.40930      31.57697       1.95586
     127.66521      26.21333       1.72316
     142.19461      27.09394       3.15549
    -122.21906      37.86390       1.93155
    -121.90541      36.62168       2.08503
    -124.25348      43.39552       1.98784
    -123.50328      48.05955       2.06446
      11.89606      45.41115       1.60837
      80.70262       7.27275       3.72657
     -64.05112     -64.77509       1.38045
    -149.57272     -17.53308       2.37198
     -75.17633      40.01316       1.52559
     -49.23095     -25.44837       2.31462
     -70.87988     -53.13695       2.28101
     148.26461     -32.99877       2.08392
      -1.93152      43.32176       1.55738
    -106.41393      31.76977       3.18161
      21.78675      38.28366       1.67040
     -95.71851      31.77827       1.90863
      98.52622      -0.03160       2.40659
      -2.45748      50.52178       1.15981
    -122.41895      37.85305       2.42465
      92.71225      11.63781       2.16286
      92.71214      11.63778       1.77223
     -87.18942      30.46902       1.62217
     -25.66276      37.74775       1.54773
      19.28153      47.78960       1.33489
     115.88525     -31.80197       1.54662
     158.60708      53.06673       1.71629
     158.65013      53.02330       1.68335
    -123.45113      48.64853       2.36164
      31.34340      29.86155       1.94458
     -90.16197      51.47981       2.07923
    -108.11893      34.30151       1.58797
     121.07773      14.63572       2.23211
    -116.45816      33.61216       2.21441
    -117.24303      32.66542       1.66563
     -34.03346      66.89773       1.40285
     -15.40761      28.14671       1.60615
      -1.11120      50.80233       1.83306
      -4.12618      50.41647       1.43192
     -85.67819      30.20459       2.09595
     147.36601      -2.04323       1.99891
     -51.11976     -30.07404       2.54582
     158.21012       6.95994       2.55486
      74.69427      42.67977       1.76042
      34.54293      49.60261       1.31646
     -70.70953      43.07102       2.05365
    -116.59086      32.61841       1.68576
      13.06609      52.37930       1.19924
     -63.89632      -8.70934       1.92986
    -122.38995      37.18709       3.48655
     -51.40853     -22.11990       1.75834
     -97.51925      34.97987       1.61312
    -114.29350      50.87135       1.68355
      28.22404     -25.74635       1.63489
       5.37271      43.27676       1.25844
     -67.04537      17.97040       1.74934
     121.04077      14.53544       1.99257
      10.45975      52.29619       1.26132
     150.91370     -34.47555       1.47241
     141.61347     -38.34440       1.24181
    -123.01872      37.99617       1.86432
    -124.25520      41.78274       1.92001
     138.48572     -35.09470       1.21745
     -67.06696      18.46298       2.72500
     -67.06684      18.46319       1.75809
    -118.40425      33.74330       1.73809
    -118.40425      33.74329       2.07044
     -52.68837      70.74040       1.00401
     -46.04776      60.71526       1.00161
     -64.03367      67.55934       1.89651
    -125.33083      50.13250       1.74876
     169.81583     -43.53166       1.95706
     -78.49361      -0.21516       2.12936
    -120.94443      39.97455       1.98051
      -6.85429      33.99810       1.34730
      34.76314      30.59761       1.71366
      32.07838     -28.79555       1.81153
    -119.72000      34.49998       2.05450
      36.89348      -1.22083       1.50578
     -80.38407      25.61410       1.53343
     -34.95152      -8.05096       2.78148
     -75.56998      39.56145       1.59793
       5.14488      50.00150       1.54522
      17.11753      54.47238       1.22074
     -94.89369      74.69082       2.17834
      55.57172     -21.20823       2.12030
     -21.95549      64.13878       1.72175
     -21.95548      64.13879       2.02532
     -77.42966      37.53790       1.25864
      24.05877      56.94862       1.36907
     -50.99396      71.84850       1.11946
     -67.75112     -53.78547       1.52616
     -67.80281      -9.96546       2.27602
     -78.65111      -1.65060       1.96515
      -6.20626      36.46427       1.76560
     163.19011     -77.03444       1.23544
     -52.95209     -22.52330       1.70181
      -3.96573      48.71844       1.43078
     -68.12578     -67.57139       1.76873
     150.79008     -23.16099       1.96373
     -65.10725     -43.29888       1.70456
     -76.70935      39.25463       1.42657
     -74.23440      40.68053       1.48131
     -66.64234      45.95014       1.57417
     137.93433     -32.47029       1.65143
      -1.80579      46.53003       2.22439
    -125.24986      71.99033       2.62727
     -83.83777      43.62864       2.95045
     -67.05778      -0.14385       2.14123
     -44.21248      -2.59346       1.69457
     -38.51236     -13.00867       3.31830
    -171.73842     -13.84921       2.42670
      98.71472       3.62161       2.77090
     167.20320     -15.44714       2.56831
     -70.66855     -33.15029       1.99654
    -121.44718      36.76530       2.84247
       9.40251      41.85833       2.07899
      -2.76981      47.52449       1.20579
    -106.39835      52.19626       1.20068
      13.64329      54.51359       1.45556
     -81.69634      32.13860       1.96170
     -38.43225     -12.93925       1.68474
      17.87921     -29.66933       1.65913
    -122.41044      37.68622       2.34175
    -123.00761      48.54619       2.21045
     -79.93800      32.78292       1.50643
     -66.83262      54.83209       1.43642
     -79.92536      32.77948       1.49526
     -78.73525      33.93993       1.46227
      -6.29580      49.91456       1.12324
    -118.48794      32.91443       1.90081
      -1.68168      43.39523       1.45164
     -21.95034      70.48533       1.44745
     -75.76232      20.01206       2.12527
    -122.30948      47.65398       2.19353
      77.01690      43.17873       1.72847
       3.69912      43.39765       1.34525
      55.47940      -4.67372       3.69694
      -6.20565      36.46435       1.46916
      25.04655      60.20019       1.37358
     -73.12496      40.91468       1.53119
     -99.18861      19.74124       1.81088
     126.95553      37.46252       2.24058
      24.96116      60.20385       1.22280
      79.87417       6.89207       2.11979
     121.20044      31.09964       1.62610
      75.31547      42.62071       2.02515
     -64.55201      46.22069       1.78168
       0.74341      51.44568       1.50698
     -74.01160      40.47149       1.77017
       0.82702      51.55479       1.00592
      18.43957     -34.18794       2.72867
    -117.25041      32.86470       1.78131
    -117.24969      32.84073       1.95765
       4.67658      45.87908       1.26206
      21.04829      64.87920       1.41219
     -95.19678      16.16843       2.39692
      55.28802     -21.19596       3.40055
     135.93695      33.57786       1.66881
      -2.02747      48.64108       1.14144
     -79.15806      35.47353       1.32501
    -119.52436      33.24787       2.57820
      23.39473      42.55609       1.80735
     -76.45389      38.31888       1.37022
      46.40057      24.91068       1.23529
     -61.66272      16.04498       4.18024
     147.93085     -42.54644       1.73701
    -118.64616      34.05934       1.60110
      16.43845      43.50664       1.52403
    -115.46586      31.04504       2.38941
      12.89135      57.71496       1.34316
     -54.39370      72.91068       0.92513
    -120.06522      34.00433       1.96329
     -38.51648     -12.97516       2.44941
     -89.11660      13.69709       2.16549
       5.59862      59.01771       1.43436
      -5.66735     -15.94253       1.76046
     -52.67830      47.59523       2.20995
     -52.67775      47.59524       1.32358
     141.84482      43.52865       1.80627
     -89.75869      38.61109       2.66732
     145.21404     -38.37518       1.21823
     -91.90331      44.30395       2.31630
     149.01005     -35.31553       1.58853
     149.01015     -35.31616       1.62929
     -64.97445      18.34009       2.06627
      24.01449      49.83559       1.38253
      73.99711      44.20813       2.32565
     153.03530     -27.48489       2.18485
      20.81046     -32.38021       1.70183
      20.81091     -32.38143       1.70329
     127.05424      37.27551       1.40178
      29.78088      60.53286       1.30076
      -3.98177      51.56556       1.22645
      -6.38895      58.20759       1.59387
     151.15038     -33.78088       1.25234
      39.58374     -69.00696       1.29008
    -117.67828      34.38185       1.83625
    -149.60619     -17.57703       2.21120
     174.76989     -36.84360       2.08425
      72.21045      42.44547       2.05053
      -0.86172       9.55426       1.94116
     -97.86403      22.27832       1.88879
      39.20792      -6.76559       2.91266
      -5.60262      36.00851       2.54726
      69.29557      41.32805       1.66390
    -149.47553     -23.34180       2.27980
      51.33409      35.69728       3.49315
      34.78090      32.06800       2.07411
     -27.15299      38.71899       2.37608
       5.21939      53.36274       1.58810
      -5.36301      35.56164       3.00828
    -125.90784      49.15414       2.37724
       6.74792      53.55743       1.24650
       8.85917      54.12174       3.53952
       8.68705      54.73051       7.67289
       7.55475      58.00638       1.49583
       7.18628      53.33677       4.49635
       7.03068      53.32717       1.79173
       8.09264      53.77171       1.56703
      15.65103      38.10832       2.13124
    -149.60645     -17.57706       2.21586
     -68.78801      76.53734       2.13688
     -68.82504      76.53705       1.23575
    -122.44760      37.89087       2.18144
     148.98000     -35.39920       1.70154
     -42.28615      62.53554       1.64110
       6.43163      51.03531       1.55556
     128.86642      71.63447       2.66352
     128.86639      71.63446       2.87412
       1.48089      43.56069       1.06479
    -105.23271      40.13093       2.45228
     -16.24115      28.47718       1.94451
     -85.37805      35.39048       1.46572
     120.98734      24.79795       2.11815
      11.99995      42.06401       3.37585
    -175.17922     -21.14471       3.23716
     -48.33068     -10.17105       1.94608
       7.66128      45.06337       2.21358
    -118.33060      33.79780       1.73846
      -6.76452      62.02330       1.94930
       1.48076      43.56077       1.61428
     147.05569     -19.26928       1.71387
      39.77556      40.99471       1.44289
    -117.80343      33.61793       2.10422
      10.31916      63.37138       1.59489
     -41.37507      64.27707       1.43757
      13.76352      45.70976       1.61985
      18.93965      69.66272       1.65736
      18.93833      69.66275       1.63611
     140.08750      36.10568       1.57099
      29.45068      40.78673       1.41791
      24.07056      35.53319       1.60617
     -65.23035     -26.84326       2.69927
    -132.99435      69.43824       2.78167
     179.19656      -8.52529       2.32205
     -94.77264      29.32787       2.15190
     -94.78930      29.28514       2.68332
    -118.44191      34.06912       1.96852
    -125.54164      48.92564       2.02688
     -70.40927     -23.67897       1.75502
    -104.40153      19.12410       2.39901
    -122.45815      37.76297       1.93529
     107.05233      47.86507       1.25902
      31.42092     -28.29312       2.06699
      -5.15937      57.89497       3.38471
     116.11203       6.03923       2.86162
     -66.64170      45.95021       2.10875
     -99.18130      19.31270       1.70499
      12.35570      43.11939       1.99181
     -86.86817      20.86850       1.70768
     -65.40764     -24.72746       2.05870
      11.87793      45.40672       1.73219
    -155.88381      20.24589       5.89567
      87.60067      43.80795       2.41737
    -118.28511      34.02395       1.65204
    -120.66109      35.31180       2.17926
    -109.68105      29.82165       1.80953
     -77.06627      38.92057       1.23477
     -76.47939      38.98335       4.17716
     -77.06623      38.91896       1.39664
     138.36204      36.13311       2.41589
      22.29762      48.63198       1.58656
      21.77064      62.96119       1.30551
      13.72418      49.13379       1.41622
      57.49704     -20.29708       2.09919
     -76.49937      37.24862       1.33086
     -77.56417      48.09706       2.00555
      -0.33765      39.48083       1.61255
     -71.63503     -33.02793       2.36818
     -71.62609     -33.02724       1.71656
    -120.56351      34.82661       2.55432
     168.31515     -17.74397       2.06802
      31.03119      70.33637       1.47508
     168.15611     -15.48254       3.11536
     -62.26923     -38.70077       4.24603
     -99.21732      36.07171       4.13111
      12.35408      45.43057       1.40501
      12.33198      45.43698       2.17161
      -2.84178     -71.67380       1.27032
      -8.81307      42.18398       1.39603
     -64.79813      17.71618       2.00576
      16.55993      64.69785       1.37252
     168.31950     -17.72889       2.82195
      -3.95198      40.44359       1.38990
     -75.68701      37.60835       1.37783
      18.36732      57.65387       1.10601
     -64.96921      18.34333       2.12465
       3.59733      51.44288       1.39299
     -64.25416     -65.24601       1.57667
    -120.61645      34.55631       2.07474
     -72.30861      18.52868       2.74479
    -118.29382      33.71264       1.56884
     -72.47757      43.28147       1.50485
       7.46425      46.92375       1.05828
     174.66278     -36.43441       1.41669
      12.10142      54.16979       1.24544
     -77.06623      38.92045       1.58555
     -77.06630      38.92057       1.69863
     174.77871     -41.27265       2.18643
     -71.49333      42.61334       1.52391
       1.13034      52.94487       1.09900
     174.80589     -41.32346       2.24945
     174.78159     -41.29044       2.09773
    -118.03117      33.97988       2.03345
    -135.22211      60.75051       1.52363
     154.22012     -79.84570       1.55599
    -116.39178      33.93476       2.31367
    -122.16781      52.23687       1.50544
      17.08943     -22.57492       1.91101
    -122.14057      37.65264       2.21763
     -92.01521      46.70506       1.77511
      18.41875      54.79676       3.51294
     -92.78191      31.89723       2.24869
     153.03527     -27.48496       1.76580
    -118.42761      33.95815       1.83618
      17.06204      51.11326       1.39124
    -122.92119      50.12654       2.03986
    -106.34983      32.40714       3.98484
       6.60451      52.91461       1.19161
      12.87890      49.14423       1.35964
      12.87893      49.14420       1.46549
      12.87891      49.14420       1.31964
      12.87863      49.14479       1.22568
      12.87894      49.14423       1.78262
      12.87890      49.14421       1.37497
     114.35726      30.53165       1.76259
     -83.10815      29.63101       1.65771
     109.22149      34.36867       2.11606
     105.68850     -10.44997       3.22342
     129.68030      62.03096       2.34068
     115.34698     -29.04655       2.04954
     115.34715     -29.04650       1.35840
     115.34697     -29.04659       1.74793
     -63.67998     -22.01710       1.60653
      -3.08863      40.52490       1.16738
    -114.48084      62.48132       1.47296
    -114.48070      62.48089       1.89210
      56.11233      22.18646       1.73896
      -5.24009       6.87056       1.43320
      34.92827      30.99157       1.55493
     142.71672      47.02974       1.21983
      28.31101     -15.42554       1.84396
      41.56507      43.78839       1.54183
       3.20823      51.33586       1.23488
    -157.92082      21.31299       2.90170
       7.46503      46.87709       1.20297
       7.46510      46.87714       1.71010
       7.46528      46.87710       1.35020
     -65.99348      18.43134       2.09768
      36.75839      55.69928       1.67733
      36.75863      55.69928       2.63707
