     139.54766      39.18556       1.68615
    -160.47676      55.34928       1.71788
    -168.06213      65.61498       2.68454
    -165.37346      64.56450       1.80301
    -176.66265      51.86415       1.85671
    -138.89881      59.34037       3.50126
    -135.22830      59.52804       1.44595
    -134.54530      58.41678       1.75795
      -2.08022      57.14401       1.53630
     -61.52754      16.26230       1.72622
      47.22921     -19.01831       1.86756
    -149.72401      60.48133       2.31137
      -8.39893      43.36438       1.58248
     -70.88659      41.74325       1.36221
     -61.08646      16.29686       2.08622
     138.64735     -34.72900       1.41381
      38.76630       9.03513       2.57206
     130.59959      31.82406       1.90494
    -131.59954      55.06907       2.13137
       8.76261      41.92746       1.55256
      -0.48123      38.33892       1.43759
    -123.48747      48.38978       1.93692
     117.81018     -34.95023       1.92169
     -88.07798      30.24917       1.38692
     -78.07137      45.95580       1.51666
     133.88552     -23.67012       1.35234
      -2.45945      36.85253       1.58578
      34.60665      31.70794       1.47658
     -62.34046      82.49429       2.20503
     167.67930     -15.41952       2.79028
       0.99433      49.85939       1.22122
    -104.52459      38.80312       1.46863
      35.87954      32.02855       1.82359
      16.13482      69.32606       1.78470
      16.00870      69.27837       1.74026
     -95.48507      29.30148       2.30670
      32.75847      39.88737       1.82434
     -76.60925      39.01029       2.03348
     -71.53205     -37.33870       1.87565
     -98.57664      29.49121       2.19655
    -118.83032      34.15744       2.51455
     -80.16220      25.73469       1.83008
     -71.49279     -16.46551       1.59076
     -71.49280     -16.46552       1.50188
      -6.78352      61.99737       1.85776
     -97.05896      27.83835       2.27623
      58.56046      56.42982       1.42660
     -14.41207      -7.95121       2.45935
     -82.54620      35.59945       1.65905
    -170.72243     -14.32610       2.19273
     174.83439     -36.60284       1.43887
     174.77042     -36.84376       2.89299
     -97.75632      30.31170       2.14336
      23.00372      40.56682       1.70939
     -68.30357     -54.83953       2.23118
    -166.54184      53.87564       1.89546
     167.09334     -15.64359       2.39701
     102.23498      51.76971       1.36852
      50.60815      26.20914       1.69938
     -68.26333      49.18683       1.83615
     -96.00234      64.31782       1.84695
     106.84891      -6.49105       2.23546
      49.81441      40.37217       1.79423
    -125.13510      48.83533       2.46311
      77.51162      13.03432       2.32735
    -119.02973      33.48045       1.83770
     -68.22169      44.39505       1.41305
    -162.70716      55.19027       2.71420
    -162.70676      55.19042       2.58276
    -126.84264      50.54428       1.95412
       3.13670      42.51532       1.70658
     -48.46255      -1.40879       2.23259
       1.40114      41.59962       1.71408
      -1.53691      43.47196       1.25760
     166.45338      68.06531       1.46643
     166.43796      68.07613       1.15059
     113.09434       3.24032       3.22368
     113.06722       3.26151       4.28632
    -135.53930      56.85449       1.91168
       2.45002       6.38466       1.40510
     115.89249      39.60860       1.51680
     116.22413      40.24533       1.56158
     168.29209     -46.58506       1.33263
    -114.71485      33.61042       1.79178
      -1.82961      49.65920       1.28612
     152.32100     -24.90822       2.28720
     -60.70111       2.84518       1.77734
      21.03534      52.47595       1.09337
     -74.08094       4.64007       1.82670
     -43.42174     -13.25556       2.21063
      17.07346      52.27696       1.13725
       6.66643      53.57891       1.11967
       6.74745      53.56364       1.28630
     -47.87787     -15.94747       1.73368
    -119.68263      48.13152       1.42721
     -38.42554      -3.87745       1.46610
     -64.69627      32.37040       1.33083
     122.20908     -18.00398       1.64835
      -4.49659      48.38049       1.80206
     -69.94658      43.88982       2.38113
       4.35922      50.79782       1.59971
       4.35856      50.79806       1.38883
      35.02298      32.77898       1.92431
      26.12574      44.46394       1.25355
      12.50002      55.73902       1.18786
     -58.51930     -34.57370       2.32264
     -77.01042       3.88202       2.36379
     145.91485     -41.05007       2.01413
     -66.16120      18.40784       1.92707
    -124.56335      42.83610       1.88984
    -124.18430      41.74560       2.21752
       8.97275      39.13591       1.91501
     -75.80733      45.58502       2.45993
       8.97276      39.13589       1.75190
     -77.14932     -12.06288       1.90600
     -90.54017      19.84443       1.82090
      -3.79806      43.47198       1.40896
    -120.43084      35.88835       3.10044
     -75.53385      10.39133       2.36800
     110.51971     -66.28336       1.09400
    -118.89666      37.64464       2.42824
      -9.41852      38.69342       1.40196
     -77.87539      34.34465       2.20300
    -118.48301      33.44577       2.56477
    -118.33381      33.31162       1.77197
     -65.77412     -28.47098       2.10648
     -52.30997       4.94877       3.53956
     142.19503      27.06753       3.45838
     142.18458      27.09558       2.86349
     -80.54523      28.46023       2.22778
     -80.54548      28.45996       1.52741
      -4.36785      40.45343       1.28818
     133.80983     -31.86667       1.31054
     -40.31945     -20.31079       2.05816
      -5.30639      35.89197       1.99916
      -5.31133      35.89605       2.30526
     -68.23265     -31.60217       1.57646
     -79.84287      32.75757       1.74393
     125.44420      43.79069       1.47033
    -176.56584     -43.95579       1.52000
     -84.46565      45.65349       2.68076
     -88.29922      18.49528       1.88973
     -81.80713      24.55048       1.69961
      -0.40770      46.13346       2.00359
     -75.08769      38.77679       1.72258
     -44.98516     -22.68715       1.57068
     -69.95005      41.67120       3.03938
    -176.61711     -43.73547       1.29587
      74.75110      42.99850       1.93498
     -94.08873      58.75908       1.36408
    -122.00843      49.15661       1.85736
    -116.66576      31.87068       1.84721
    -118.12728      34.13671       1.37958
    -159.80061     -21.20103       2.75929
     153.26654     -27.52615       1.53325
    -124.39633      40.44177       2.21814
     -86.82090      21.17465       1.90258
     169.85585     -43.66624       2.03374
     145.74309      15.22970       2.36969
       7.01573      43.55458       1.26182
      96.83397     -12.18835       1.43457
     -81.12168      34.08100       1.90699
     -73.02538     -36.84284       1.49309
     -73.02548     -36.84376       1.66501
     -70.33824     -27.38453       1.59919
     -97.44168      27.74080       2.16801
    -123.30460      44.58554       2.18788
    -117.80889      35.98234       2.53642
    -110.97188      32.22446       1.80527
       2.37412      51.02295       1.05591
     -75.71270      36.90463       2.72880
     -71.89208     -45.51434       2.28379
    -122.25652      46.84009       2.12183
      33.99098      44.41326       2.61686
     166.66824     -77.84804       1.28885
    -117.09968      34.03905       1.17257
     -64.58432      17.75690       2.37939
    -119.78481      34.02926       1.95357
      34.89019      32.48825       1.53636
     -72.04972      41.33530       1.21233
     -71.88914      41.89970       1.47868
      18.46855     -33.95144       2.28067
     -72.48794       7.89846       3.23139
     -56.06987     -15.55526       1.90485
     -65.28252      18.30744       1.85141
     100.53392      13.73592       1.53524
      40.07140      12.06612       3.17843
     127.37448      36.39943       1.40940
     -17.46510      14.68454       2.20174
     -17.43947      14.72123       1.84757
     130.89149     -12.42401       1.69864
     131.13274     -12.84370       2.03339
      77.97261     -68.57732       1.21567
      23.99264     -30.66521       1.78755
      72.37024      -7.26969       1.91333
       2.34475      50.99365       1.33172
      -2.07598      48.58993       1.32149
       1.66164       9.69206       1.79689
     -61.67766      76.35162       0.86037
     -75.52360      39.16009       4.35265
      35.39207      31.59320       1.67560
    -119.62498      49.32262       1.69962
      35.36882      31.03691       1.82793
     -95.86618      50.25881       1.43346
     140.00196     -66.66508       1.58723
     170.59717     -45.88366       1.36382
     170.62941     -45.81432       1.97648
    -122.08016      47.77410       2.46515
      23.93243      38.07855       1.89363
       0.49236      40.82089       2.59203
      -3.29479      55.92479       1.24907
      15.08208      37.51360       1.48396
    -147.11297      64.68794       3.64978
    -109.38329     -27.14821       3.86905
      34.92060      29.50928       1.86865
     -89.86761      16.91606       2.24891
      35.77065      33.18201       1.79233
     -89.94173      29.87896       3.00861
     -66.99213      44.90871       1.47627
       1.56756      50.68035       1.03855
       8.45683      55.49357       1.26623
       8.43977      55.46027       1.56969
       0.97567      42.69358       2.22493
     -64.79871      47.07340       1.32529
     121.89432     -33.87432       1.33707
     167.19192     -15.97367       2.80670
     -86.36213      13.09954       2.57423
      38.76282       9.01986       1.64681
     -85.93759      79.98895       3.24830
     -85.93992      79.98854       3.10624
     -75.87340      23.56405       2.15601
    -145.74986      60.54870       1.92813
       7.49729      43.77443       1.80003
    -149.61430     -17.55531       2.01908
    -147.49924      64.97800       1.56801
    -147.49852      64.97815       3.27608
    -171.99953     -13.83221       2.16216
     -57.87407     -51.69365       1.35443
    -123.00077      37.69721       2.01046
      -1.24883      44.64595       2.46672
       6.73257       0.33767       2.37424
      14.50354     -22.95035       2.33373
    -101.97803      54.72558       1.39729
     -80.37357      25.75460       1.58693
     160.27141     -77.53273       1.37927
     -31.12639      39.45383       2.31487
     -71.44191      42.30006       1.53516
     -61.58197      15.87533       2.97481
     -38.42561      -3.87745       3.18139
      -7.33665      54.98376       2.05006
     -66.65988      45.93351       1.84785
     -58.98050     -62.19410       3.12794
    -178.12094     -14.30781       2.94261
     162.56470     -78.92767       1.24984
    -123.95609      46.20489       2.45215
     -16.90762      32.64795       1.87017
      -8.58909      41.10602       1.63667
     -94.73681      29.32988       2.23269
     -90.30362      -0.74270       1.98504
    -134.96482     -23.13036       4.05409
      20.32294      49.03471       1.57700
      -0.00601      16.25212       1.86615
      12.24944      44.67690       1.38463
     -81.02290      31.98758       1.48614
     -81.37945      19.29295       1.83418
       8.92114      44.41939       1.40486
      11.92293      54.57443       1.07133
     102.10546       6.22619       3.64826
      -5.36499      36.14818       2.43117
      35.41648      32.47934       2.08376
     -90.30367      -0.74300       1.44209
     -76.49946      37.24854       1.68500
      30.49673      50.36418       1.57775
     -15.63427      27.76478       1.36591
     131.01557      30.55645       2.11744
     -76.82683      39.02173       1.32383
     -76.82709      39.02118       1.75249
     -76.82732      39.02052       1.72122
    -116.88925      35.42516       1.92988
      14.78562      49.91370       1.30800
    -114.17970      40.64017       2.32186
      -9.88072     -40.34883       4.25929
       6.92057      43.75474       1.35418
      15.49348      47.06713       1.16270
     -89.95730      29.26553       1.44407
      -3.50798      47.64801       2.62797
     144.86836      13.58933       2.60114
      87.17731      43.47111       1.29519
     -90.52018      14.59040       3.17401
    -118.28968      28.88406       1.75464
      -4.41182      48.44460       1.29261
    -135.69705      58.41776       1.94364
     144.80271      13.43321       1.92777
      36.09992      29.13887       1.96304
     -90.46763      30.51308       1.82418
      27.70724     -25.88696       1.58044
      27.70776     -25.88711       2.98776
    -120.68207      34.46940       2.38397
      -1.77796      49.58066       1.64951
       7.89309      54.17448       1.44188
    -110.96721      29.09255       2.05243
       0.33627      50.86731       1.54941
       0.33435      50.86748       1.59564
      11.38609      47.31290       2.56973
     115.73858     -31.82552       2.15304
    -155.05269      19.71918       2.06226
       9.96755      57.59110       1.18785
     -95.86338      35.68275       1.39105
     -63.61128      44.68355       1.38744
     142.29621     -10.59037       2.13092
    -157.86455      21.30329       2.49147
     -76.13037      38.58882       2.70587
      19.22306     -34.42463       1.85507
     147.43873     -42.80471       1.49601
       8.29339      54.75875       1.46713
     -15.19792      64.26729       1.51393
      10.15680      54.37292       1.17517
    -128.13500      50.64035       1.97788
    -117.76124      70.73630       1.64326
      -4.64207      53.31773       1.12523
    -123.07473      38.99518       2.12238
     170.10551     -43.77733       3.88383
     -61.70306      15.97961       5.03340
     -95.43299      29.77942       2.87686
      27.68698     -25.89010       1.74392
      -1.28389      51.45374       1.23790
      -6.92030      37.19998       1.37684
      92.53241      10.60951       2.67836
      78.55087      17.41726       2.10347
       1.44897      38.91125       1.50138
     -90.52747      19.85346       1.83080
    -111.11027      43.74612       1.88993
       7.63940      45.01513       1.47953
      -5.10846      33.53963       1.55928
     -58.43932     -34.57224       1.90315
    -115.03180      32.70617       1.76530
       4.55606      52.46197       1.35809
     -51.34338     -20.42778       1.74488
     -48.65572     -28.23484       1.92820
     -47.49723      -5.49177       2.02325
    -102.28420      21.85615       1.71476
    -133.52696      68.30619       1.42226
    -110.33074      24.14527       1.40482
     -68.51050      63.75596       1.28859
     -70.13171     -20.27354       1.62793
     -73.26871      -3.76735       2.18570
     104.31618      52.21902       1.23430
     104.31624      52.21902       2.01630
      44.43840      33.34141       1.42225
     -87.05583       5.54434       2.47714
    -109.34441     -27.12498       1.93800
      29.01934      41.10445       1.40551
     132.89390     -12.65885       1.68081
     132.89453     -12.66015       2.03699
     -76.78087      17.93902       3.22172
      57.76390      25.64949       1.64810
      42.10363      16.69918       1.85020
      30.09616      62.39117       1.28767
      21.03235      52.09784       1.18045
      21.03154      52.09727       1.61629
    -118.17323      34.20482       1.75609
    -118.17430      34.20158       1.49544
      35.20245      31.77115       2.00426
     -81.70148      30.48404       1.81937
      35.14506      33.02282       1.56251
     169.77516     -43.60839       2.06192
       8.41126      49.01125       1.63559
     117.09719     -20.98143       1.31021
     132.15327     -14.37600       1.44280
     132.15250     -14.37508       1.51663
      27.78078      35.95148       2.27589
      35.68828      32.99525       1.95851
     120.97774      13.98688       4.57599
    -122.89607      46.11818       2.14791
     -50.94484      66.98742       1.64337
    -151.35018      60.67508       2.16227
      70.25552     -49.35147       2.00683
      70.21793     -49.35218       3.42314
     139.48853      35.70677       1.84165
     139.48812      35.71034       1.54216
     135.04616      48.52145       1.24681
      36.23901      50.00510       1.99602
      -5.05234      58.45877       1.34923
      21.06024      67.87758       1.43012
     172.92290       1.35458       2.03008
      20.96845      67.85735       1.42196
      66.88545      39.13477       2.89893
      21.11888      55.71536       1.42896
     -63.52739      81.25271       1.58892
    -152.19343      57.61769       1.94760
    -152.50138      57.73511       1.78737
    -159.75817      21.98349       2.79229
    -159.66493      22.12626       2.00308
      -3.90241      47.86575       1.32449
      13.72456      45.54811       1.69909
       5.80964      52.17843       1.45672
     -52.80597       5.25219       1.86153
     164.28734     -20.55869       2.54175
     -52.63975       5.09847       1.70474
     -52.80596       5.25218       1.88514
      70.25551     -49.35154       2.69051
      17.12503      39.07994       1.28250
      92.79383      55.99325       1.92418
      78.61906      50.71395       1.55298
     140.65767      35.95537       3.66730
     -35.57631      66.86328       1.07770
      33.96946      44.39289       2.05430
     103.13915       5.31889       2.78557
     -57.22705      74.58062       1.01703
     -37.14936      65.57933       1.41024
      78.19039      41.86353       2.83543
     102.79720      25.02954       2.27137
     -77.74544      55.27836       1.68175
      47.97149      29.32497       1.91889
     167.73024       8.72221       3.09094
     -81.75428      24.55369       1.62387
     -81.65303      24.58227       2.18593
     146.99319      -6.67371       1.87529
      -8.66838      37.09894       1.39439
     -61.16311      14.81296       2.84950
      20.66994      53.89240       1.09240
      12.60566      35.49977       1.45175
     133.21276     -15.57316       1.69956
     177.44658     -17.60881       2.05499
      80.95589      26.91244       1.62590
     159.07852     -31.54146       2.36360
    -118.32175      34.13460       2.28543
     -85.03119       9.94537       2.39494
      91.10399      29.65734       2.24455
      34.86631      31.37782       1.63710
      91.10403      29.65733       1.57465
     -65.59525     -38.00266       2.12584
    -159.33925      21.98456       2.22384
      -3.01823      53.44970       2.37027
     -95.14575      29.91346       2.01634
     -57.85074     -51.69841       1.52184
       1.97305      42.47813       2.06162
     -60.99618      14.59482       2.48987
     -97.48074      36.68545       3.00599
     159.06120     -31.51989       1.58287
       1.75020      52.47323       1.59937
     -17.89383      28.76387       1.63660
    -110.31935      24.13880       1.55391
     -57.93230     -34.90675       1.75560
     167.26378     -20.91799       2.26704
      -4.76040      48.44626       1.17091
      -1.21932      46.15894       1.19244
      -1.14027      60.15405       2.55758
     -40.19805      64.43048       1.77747
     172.72222     -43.60584       3.53743
     158.93583     -54.49953       1.49548
      -4.24966      40.42916       1.93692
     168.05759     -14.96807       3.63661
     150.77002      59.57575       3.21843
     171.36452       7.11915       1.88421
      40.19414      -2.99606       1.45276
      -4.39353      36.72612       1.85175
      73.52629       4.18868       3.97991
      40.19440      -2.99591       3.29510
       2.62455      39.55263       2.50422
     -86.24899      12.14894       2.05270
     -51.09734       0.04669       1.95883
      17.25853      60.59514       1.31018
     -71.62443      10.67398       6.68828
     -65.69462      77.18704       0.90182
      37.86099     -46.87646       5.08219
       5.35379      43.27877       1.37824
     -15.63328      27.76374       1.30755
      16.70455      40.64906       1.34755
      16.70446      40.64913       1.36097
    -156.25702      20.70665       1.67689
      62.87072     -67.60477       1.26784
     -67.15887      18.21759       2.14677
      30.73788      -0.60147       1.93274
     -82.53232      27.84982       2.31720
     153.97866      24.29009       1.34342
     166.66933     -77.83835       1.32764
    -104.01499      30.68051       1.87819
     -76.45388      38.31892       1.40794
      37.21450      56.02149       1.99880
      37.22359      56.02748       1.63124
      11.64681      44.51996       2.25182
     -89.62032      20.98005       1.61373
      34.25585      36.56639       2.12072
      24.39532      60.21747       1.26409
      24.39533      60.21748       1.64387
      25.53997     -25.80502       1.81029
     -69.39792     -35.77735       2.24830
    -121.64258      37.34153       1.94701
     -80.16017      25.73281       2.64978
    -120.35139      34.03826       2.04114
      31.97284      46.97278       1.43234
     -87.88845      43.00254       2.07285
     141.13283      39.13517       2.99522
    -155.45634      19.80135       1.51707
     -87.39181      32.09026       2.37974
     -88.02410      30.22752       1.71455
      36.56971      55.11488       1.64664
      36.56952      55.11488       1.70579
     144.97534     -37.82941       1.40189
    -116.42235      32.89194       1.72429
      -1.68550      55.21279       2.30567
     -57.57130     -38.00577       1.85119
     -57.53114     -38.03560       1.86012
    -105.24920      20.67900       1.94268
     172.65470     -43.70273       1.59570
    -109.71764      23.16045       2.03235
     170.46494     -43.98570       1.78158
    -100.31291      25.71551       1.85501
      85.52122      27.69272       2.57684
     -61.68872      56.53698       1.31986
      42.04465      19.21142       1.53999
    -124.08648      49.29481       1.50816
     -81.77629      26.14864       1.74888
     -77.46226      25.05254       1.80409
     166.92555      -0.55173       1.84292
     -60.05502      -3.02292       1.85648
     -75.75134      36.18168       1.76544
     -89.61028      30.35628       1.71508
    -124.62491      48.29786       2.10066
     -47.92497     -25.02024       2.25142
      -5.54279      50.10303       1.66752
       7.22726      43.70326       1.57632
      33.39645      35.14099       1.39910
    -105.26260      39.99507       1.92025
    -105.26225      39.99543       1.96890
    -169.92707     -19.07653       1.98521
     -74.80290      39.10067       1.40278
     -74.53082      39.47452       1.33177
     -74.17770      40.74148       2.16911
       9.67212       0.35391       1.83425
     -91.57490      41.77159       1.75774
     166.44251     -22.26479       1.48119
     116.19272     -31.04874       1.24890
     -44.90106      61.63188       2.49755
     167.93883     -29.04335       1.53638
      14.98979      36.87584       1.93062
      14.98981      36.87611       2.27193
     166.41020     -22.26985       1.69210
      82.90949      55.03050       1.46988
      -0.33964      51.42098       1.25891
     174.11817     -39.18256       2.24720
     -71.32754      41.50985       1.34598
     -75.62383      45.45416       1.63848
      35.03604      30.03842       1.69524
      88.35978      69.36183       1.24263
     -77.02440      38.82075       1.43883
     166.48488     -22.22833       1.64936
      -1.43257      55.00891       2.34797
      44.50293      40.22646       1.36960
    -116.97268      32.57931       1.79837
      -1.43987      55.00742       1.83500
     103.67996       1.34580       2.01037
      30.08968      -1.94455       1.72886
      83.23544      54.84061       2.17879
      11.86531      78.92955       1.19034
      11.86509      78.92958       1.26991
     -74.01432      40.70107       1.32333
     -73.73008      40.71953       1.34506
     -96.71674      17.07834       2.55736
      11.27987      48.08617       2.49987
      11.27980      48.08618       1.30424
    -102.31516      31.87393       1.97689
    -117.04177      33.13061       2.07758
     -57.90133     -63.32108       1.81222
     -57.90139     -63.32109       1.62044
     -57.90034     -63.32072       2.42376
     -88.86248      34.09026       1.75194
      11.92552      57.39530       1.13348
       2.92229      51.22541       1.15084
       2.33494      48.83592       1.31787
      20.79405      41.12731       1.89533
      10.36776      59.73659       1.43029
     127.02403      37.07757       1.28517
      -1.51250      12.35639       1.77628
     170.51093     -45.86947       1.66390
     170.51092     -45.86950       1.72880
     -96.05488      16.51997       2.23475
    -123.72620      38.92835       1.70336
     140.85831      43.20953       2.05780
     139.48919      42.07879       1.67667
     140.85921      40.89750       1.58884
     139.70346      39.94212       1.59258
     139.54596      38.56334       1.57306
     140.96241      37.83079       1.57310
     140.24945      35.12938       1.76641
     139.61553      35.16015       1.47409
     138.28125      37.81476       1.58157
     138.50851      37.35654       1.52286
     136.90032      37.40573       1.62397
     136.14884      36.25458       1.32422
     139.13296      34.89549       2.50964
     138.76420      34.80690       2.02889
     138.32741      34.87067       1.76644
     136.82384      34.90397       1.63162
     135.19154      34.14415       1.36645
     134.31593      35.59369       1.44227
     131.60465      34.62759       1.64845
     133.24350      33.33350       1.63123
     129.84929      33.47308       1.61394
     131.66960      32.42862       1.57444
     130.19106      32.01741       5.14505
     127.82467      26.17947       1.48698
    -124.23704      40.69109       1.63345
     141.68533      45.40782       1.55951
     144.28579      44.01941       1.46705
     144.37140      42.97557       1.40791
     140.72453      41.78166       1.45663
     139.82492      34.91879       1.50572
     137.22457      36.76217       1.66958
     135.77319      33.47595       1.51086
     132.06621      34.89731       1.34930
     129.86620      32.73512       2.33885
     131.40930      31.57697       1.91045
     127.66521      26.21333       1.64373
     142.19461      27.09394       3.10673
    -122.21906      37.86390       1.92743
    -121.90541      36.62168       2.03588
    -124.25348      43.39552       1.95754
    -123.50328      48.05955       2.02736
      11.89606      45.41115       1.72730
      80.70262       7.27275       3.74977
     -64.05112     -64.77509       1.38412
    -149.57272     -17.53308       2.37135
     -75.17633      40.01316       1.44940
     -49.23095     -25.44837       2.34142
     -70.87988     -53.13695       2.30129
     148.26461     -32.99877       2.10011
      -1.93152      43.32176       1.52678
    -106.41393      31.76977       3.10108
      21.78675      38.28366       1.66388
     -95.71851      31.77827       1.89053
      98.52622      -0.03160       2.41245
      -2.45748      50.52178       1.14749
    -122.41895      37.85305       2.42273
      92.71225      11.63781       2.16445
      92.71214      11.63778       1.77366
     -87.18942      30.46902       1.60682
     -25.66276      37.74775       1.55746
      19.28153      47.78960       1.23457
     115.88525     -31.80197       1.40021
     158.60708      53.06673       1.60599
     158.65013      53.02330       1.56539
    -123.45113      48.64853       2.34439
      31.34340      29.86155       1.84834
     -90.16197      51.47981       2.05669
    -108.11893      34.30151       1.54824
     121.07773      14.63572       2.17982
    -116.45816      33.61216       2.19511
    -117.24303      32.66542       1.57950
     -34.03346      66.89773       1.05694
     -15.40761      28.14671       1.61133
      -1.11120      50.80233       1.77031
      -4.12618      50.41647       1.45471
     -85.67819      30.20459       2.08106
     147.36601      -2.04323       1.97137
     -51.11976     -30.07404       2.47536
     158.21012       6.95994       2.53738
      74.69427      42.67977       1.68457
      34.54293      49.60261       1.20962
     -70.70953      43.07102       2.02142
    -116.59086      32.61841       1.60168
      13.06609      52.37930       1.15410
     -63.89632      -8.70934       1.93802
    -122.38995      37.18709       3.43153
     -51.40853     -22.11990       1.79069
     -97.51925      34.97987       1.63596
    -114.29350      50.87135       1.58410
      28.22404     -25.74635       1.63129
       5.37271      43.27676       1.28368
     -67.04537      17.97040       1.74408
     121.04077      14.53544       1.90131
      10.45975      52.29619       1.16128
     150.91370     -34.47555       1.40585
     141.61347     -38.34440       1.20061
    -123.01872      37.99617       1.79628
    -124.25520      41.78274       1.89829
     138.48572     -35.09470       1.10981
     -67.06696      18.46298       2.72358
     -67.06684      18.46319       1.76091
    -118.40425      33.74330       1.69564
    -118.40425      33.74329       2.00536
     -52.68837      70.74040       0.93915
     -46.04776      60.71526       0.98271
     -64.03367      67.55934       1.89884
    -125.33083      50.13250       1.73227
     169.81583     -43.53166       1.91416
     -78.49361      -0.21516       2.11752
    -120.94443      39.97455       1.90213
      -6.85429      33.99810       1.36411
      34.76314      30.59761       1.70587
      32.07838     -28.79555       1.83768
    -119.72000      34.49998       2.01503
      36.89348      -1.22083       1.50108
     -80.38407      25.61410       1.51788
     -34.95152      -8.05096       2.73865
     -75.56998      39.56145       1.56920
       5.14488      50.00150       1.49078
      17.11753      54.47238       1.16376
     -94.89369      74.69082       2.28031
      55.57172     -21.20823       2.11668
     -21.95549      64.13878       1.65655
     -21.95548      64.13879       1.96327
     -77.42966      37.53790       1.16835
      24.05877      56.94862       1.21584
     -50.99396      71.84850       1.16639
     -67.75112     -53.78547       1.51143
     -67.80281      -9.96546       2.27184
     -78.65111      -1.65060       1.94850
      -6.20626      36.46427       1.67125
     163.19011     -77.03444       1.00910
     -52.95209     -22.52330       1.72705
      -3.96573      48.71844       1.36311
     -68.12578     -67.57139       1.75726
     150.79008     -23.16099       1.95934
     -65.10725     -43.29888       1.71365
     -76.70935      39.25463       1.41734
     -74.23440      40.68053       1.39397
     -66.64234      45.95014       1.56359
     137.93433     -32.47029       1.62660
      -1.80579      46.53003       2.13124
    -125.24986      71.99033       2.51901
     -83.83777      43.62864       3.06859
     -67.05778      -0.14385       2.15922
     -44.21248      -2.59346       1.64433
     -38.51236     -13.00867       3.34020
    -171.73842     -13.84921       2.40548
      98.71472       3.62161       2.77603
     167.20320     -15.44714       2.55785
     -70.66855     -33.15029       1.95922
    -121.44718      36.76530       2.68092
       9.40251      41.85833       2.03455
      -2.76981      47.52449       1.10922
    -106.39835      52.19626       1.11650
      13.64329      54.51359       1.32228
     -81.69634      32.13860       1.97917
     -38.43225     -12.93925       1.70769
      17.87921     -29.66933       1.64547
    -122.41044      37.68622       2.30342
    -123.00761      48.54619       2.18700
     -79.93800      32.78292       1.47683
     -66.83262      54.83209       1.42309
     -79.92536      32.77948       1.42948
     -78.73525      33.93993       1.43329
      -6.29580      49.91456       1.02572
    -118.48794      32.91443       1.86858
      -1.68168      43.39523       1.40984
     -21.95034      70.48533       1.12731
     -75.76232      20.01206       2.12328
    -122.30948      47.65398       2.15233
      77.01690      43.17873       1.68320
       3.69912      43.39765       1.39144
      55.47940      -4.67372       3.71027
      -6.20565      36.46435       1.44627
      25.04655      60.20019       1.21335
     -73.12496      40.91468       1.48465
     -99.18861      19.74124       1.79626
     126.95553      37.46252       2.20469
      24.96116      60.20385       1.27954
      79.87417       6.89207       2.11849
     121.20044      31.09964       1.69089
      75.31547      42.62071       2.02272
     -64.55201      46.22069       1.73508
       0.74341      51.44568       1.57484
     -74.01160      40.47149       1.69709
       0.82702      51.55479       1.03995
      18.43957     -34.18794       2.70351
    -117.25041      32.86470       1.73911
    -117.24969      32.84073       1.88916
       4.67658      45.87908       1.20804
      21.04829      64.87920       1.31177
     -95.19678      16.16843       2.39550
      55.28802     -21.19596       3.41575
     135.93695      33.57786       1.54075
      -2.02747      48.64108       1.07226
     -79.15806      35.47353       1.31373
    -119.52436      33.24787       2.56527
      23.39473      42.55609       1.80335
     -76.45389      38.31888       1.35748
      46.40057      24.91068       1.21437
     -61.66272      16.04498       4.16884
     147.93085     -42.54644       1.69324
    -118.64616      34.05934       1.52551
      16.43845      43.50664       1.55011
    -115.46586      31.04504       2.30138
      12.89135      57.71496       1.27250
     -54.39370      72.91068       0.97043
    -120.06522      34.00433       1.93768
     -38.51648     -12.97516       2.54992
     -89.11660      13.69709       2.15192
       5.59862      59.01771       1.28155
      -5.66735     -15.94253       1.75920
     -52.67830      47.59523       2.20419
     -52.67775      47.59524       1.28925
     141.84482      43.52865       1.62731
     -89.75869      38.61109       2.75946
     145.21404     -38.37518       1.19871
     -91.90331      44.30395       2.25370
     149.01005     -35.31553       1.55844
     149.01015     -35.31616       1.61098
     -64.97445      18.34009       2.05852
      24.01449      49.83559       1.31585
      73.99711      44.20813       2.32611
     153.03530     -27.48489       2.20444
      20.81046     -32.38021       1.70234
      20.81091     -32.38143       1.70930
     127.05424      37.27551       1.33750
      29.78088      60.53286       1.29205
      -3.98177      51.56556       1.04579
      -6.38895      58.20759       1.50489
     151.15038     -33.78088       1.22942
      39.58374     -69.00696       1.30455
    -117.67828      34.38185       1.81055
    -149.60619     -17.57703       2.20849
     174.76989     -36.84360       2.10766
      72.21045      42.44547       2.04099
      -0.86172       9.55426       1.94087
     -97.86403      22.27832       1.86741
      39.20792      -6.76559       2.94490
      -5.60262      36.00851       2.57956
      69.29557      41.32805       1.64523
    -149.47553     -23.34180       2.29978
      51.33409      35.69728       3.67384
      34.78090      32.06800       1.97956
     -27.15299      38.71899       2.39029
       5.21939      53.36274       1.56212
      -5.36301      35.56164       2.93841
    -125.90784      49.15414       2.33144
       6.74792      53.55743       1.08235
       8.85917      54.12174       3.72873
       8.68705      54.73051       7.40477
       7.55475      58.00638       1.54265
       7.18628      53.33677       4.25349
       7.03068      53.32717       1.73280
       8.09264      53.77171       1.55794
      15.65103      38.10832       2.12723
    -149.60645     -17.57706       2.20715
     -68.78801      76.53734       2.23439
     -68.82504      76.53705       1.32675
    -122.44760      37.89087       2.14834
     148.98000     -35.39920       1.71055
     -42.28615      62.53554       1.42784
       6.43163      51.03531       1.57200
     128.86642      71.63447       2.42300
     128.86639      71.63446       2.72944
       1.48089      43.56069       1.02400
    -105.23271      40.13093       2.39498
     -16.24115      28.47718       1.96849
     -85.37805      35.39048       1.40797
     120.98734      24.79795       1.95142
      11.99995      42.06401       3.26897
    -175.17922     -21.14471       3.22025
     -48.33068     -10.17105       1.94652
       7.66128      45.06337       2.13688
    -118.33060      33.79780       1.68868
      -6.76452      62.02330       1.94606
       1.48076      43.56077       1.64007
     147.05569     -19.26928       1.76223
      39.77556      40.99471       1.37712
    -117.80343      33.61793       2.06895
      10.31916      63.37138       1.42896
     -41.37507      64.27707       1.21164
      13.76352      45.70976       1.60292
      18.93965      69.66272       1.55934
      18.93833      69.66275       1.56399
     140.08750      36.10568       1.45621
      29.45068      40.78673       1.38117
      24.07056      35.53319       1.66206
     -65.23035     -26.84326       2.60076
    -132.99435      69.43824       2.80451
     179.19656      -8.52529       2.29922
     -94.77264      29.32787       2.15303
     -94.78930      29.28514       2.62012
    -118.44191      34.06912       1.93438
    -125.54164      48.92564       1.99766
     -70.40927     -23.67897       1.72886
    -104.40153      19.12410       2.37388
    -122.45815      37.76297       1.87877
     107.05233      47.86507       1.22459
      31.42092     -28.29312       2.01692
      -5.15937      57.89497       3.51793
     116.11203       6.03923       2.85220
     -66.64170      45.95021       2.08951
     -99.18130      19.31270       1.67773
      12.35570      43.11939       1.82104
     -86.86817      20.86850       1.69527
     -65.40764     -24.72746       2.01983
      11.87793      45.40672       1.76474
    -155.88381      20.24589       5.88065
      87.60067      43.80795       2.40571
    -118.28511      34.02395       1.61952
    -120.66109      35.31180       2.08752
    -109.68105      29.82165       1.78916
     -77.06627      38.92057       1.17596
     -76.47939      38.98335       4.10271
     -77.06623      38.91896       1.32586
     138.36204      36.13311       2.27650
      22.29762      48.63198       1.51587
      21.77064      62.96119       1.20748
      13.72418      49.13379       1.28273
      57.49704     -20.29708       2.10991
     -76.49937      37.24862       1.32968
     -77.56417      48.09706       1.95498
      -0.33765      39.48083       1.65044
     -71.63503     -33.02793       2.34760
     -71.62609     -33.02724       1.67921
    -120.56351      34.82661       2.46175
     168.31515     -17.74397       2.03925
      31.03119      70.33637       1.39704
     168.15611     -15.48254       3.10962
     -62.26923     -38.70077       4.31576
     -99.21732      36.07171       3.96713
      12.35408      45.43057       1.18581
      12.33198      45.43698       2.29874
      -2.84178     -71.67380       1.29262
      -8.81307      42.18398       1.32707
     -64.79813      17.71618       2.01123
      16.55993      64.69785       1.24523
     168.31950     -17.72889       2.80216
      -3.95198      40.44359       1.35069
     -75.68701      37.60835       1.34205
      18.36732      57.65387       0.99704
     -64.96921      18.34333       2.11713
       3.59733      51.44288       1.38970
     -64.25416     -65.24601       1.57963
    -120.61645      34.55631       2.06574
     -72.30861      18.52868       2.73737
    -118.29382      33.71264       1.52382
     -72.47757      43.28147       1.43813
       7.46425      46.92375       1.06197
     174.66278     -36.43441       1.39845
      12.10142      54.16979       1.11832
     -77.06623      38.92045       1.59052
     -77.06630      38.92057       1.68842
     174.77871     -41.27265       2.15289
     -71.49333      42.61334       1.48814
       1.13034      52.94487       1.16674
     174.80589     -41.32346       2.25677
     174.78159     -41.29044       2.06632
    -118.03117      33.97988       1.99277
    -135.22211      60.75051       1.47658
     154.22012     -79.84570       1.61165
    -116.39178      33.93476       2.22596
    -122.16781      52.23687       1.43913
      17.08943     -22.57492       1.87265
    -122.14057      37.65264       2.23194
     -92.01521      46.70506       1.73810
      18.41875      54.79676       3.76880
     -92.78191      31.89723       2.22791
     153.03527     -27.48496       1.83931
    -118.42761      33.95815       1.79521
      17.06204      51.11326       1.17773
    -122.92119      50.12654       2.00010
    -106.34983      32.40714       3.94140
       6.60451      52.91461       1.10004
      12.87890      49.14423       1.20813
      12.87893      49.14420       1.42035
      12.87891      49.14420       1.19563
      12.87863      49.14479       1.16166
      12.87894      49.14423       1.69221
      12.87890      49.14421       1.23791
     114.35726      30.53165       1.74804
     -83.10815      29.63101       1.64307
     109.22149      34.36867       2.03889
     105.68850     -10.44997       3.27251
     129.68030      62.03096       2.18012
     115.34698     -29.04655       1.87067
     115.34715     -29.04650       1.20468
     115.34697     -29.04659       1.59443
     -63.67998     -22.01710       1.56095
      -3.08863      40.52490       1.17793
    -114.48084      62.48132       1.38528
    -114.48070      62.48089       1.82746
      56.11233      22.18646       1.71197
      -5.24009       6.87056       1.42426
      34.92827      30.99157       1.54761
     142.71672      47.02974       1.13168
      28.31101     -15.42554       1.84250
      41.56507      43.78839       1.49186
       3.20823      51.33586       1.29879
    -157.92082      21.31299       2.91177
       7.46503      46.87709       1.19312
       7.46510      46.87714       1.81403
       7.46528      46.87710       1.34815
     -65.99348      18.43134       2.08906
      36.75839      55.69928       1.54107
      36.75863      55.69928       2.56668
