     139.54766      39.18556       1.74276
    -160.47676      55.34928       1.84912
    -168.06213      65.61498       2.50151
    -165.37346      64.56450       2.35008
    -176.66265      51.86415       2.13906
    -138.89881      59.34037       3.01111
    -135.22830      59.52804       2.24909
    -134.54530      58.41678       1.84358
      -2.08022      57.14401       1.80688
     -61.52754      16.26230       2.03697
      47.22921     -19.01831       1.80391
    -149.72401      60.48133       1.88411
      -8.39893      43.36438       1.46887
     -70.88659      41.74325       1.69147
     -61.08646      16.29686       2.01919
     138.64735     -34.72900       1.55252
      38.76630       9.03513       1.78445
     130.59959      31.82406       2.23329
    -131.59954      55.06907       2.53113
       8.76261      41.92746       1.61709
      -0.48123      38.33892       1.48315
    -123.48747      48.38978       1.52940
     117.81018     -34.95023       1.99427
     -88.07798      30.24917       2.14978
     -78.07137      45.95580       1.54424
     133.88552     -23.67012       1.37706
      -2.45945      36.85253       1.71044
      34.60665      31.70794       1.29134
     -62.34046      82.49429       2.38995
     167.67930     -15.41952       2.40433
       0.99433      49.85939       1.36669
    -104.52459      38.80312       1.33697
      35.87954      32.02855       1.88146
      16.13482      69.32606       3.60036
      16.00870      69.27837       1.73834
     -95.48507      29.30148       2.82381
      32.75847      39.88737       1.95055
     -76.60925      39.01029       2.21404
     -71.53205     -37.33870       2.14333
     -98.57664      29.49121       2.21973
    -118.83032      34.15744       1.63213
     -80.16220      25.73469       1.85228
     -71.49279     -16.46551       1.76689
     -71.49280     -16.46552       1.76753
      -6.78352      61.99737       1.97581
     -97.05896      27.83835       2.47583
      58.56046      56.42982       1.50373
     -14.41207      -7.95121       2.28595
     -82.54620      35.59945       1.68090
    -170.72243     -14.32610       2.47378
     174.83439     -36.60284       1.39510
     174.77042     -36.84376       1.47915
     -97.75632      30.31170       2.43615
      23.00372      40.56682       1.67314
     -68.30357     -54.83953       2.83427
    -166.54184      53.87564       2.61283
     167.09334     -15.64359       2.27579
     102.23498      51.76971       1.71165
      50.60815      26.20914       1.95286
     -68.26333      49.18683       1.71864
     -96.00234      64.31782       1.91030
     106.84891      -6.49105       2.03035
      49.81441      40.37217       1.41692
    -125.13510      48.83533       2.67748
      77.51162      13.03432       1.49321
    -119.02973      33.48045       1.44601
     -68.22169      44.39505       1.50752
    -162.70716      55.19027       3.33267
    -162.70676      55.19042       3.34813
    -126.84264      50.54428       1.91643
       3.13670      42.51532       2.49700
     -48.46255      -1.40879       2.26527
       1.40114      41.59962       1.54884
      -1.53691      43.47196       1.26086
     166.45338      68.06531       2.46273
     166.43796      68.07613       2.82678
     113.09434       3.24032       2.47104
     113.06722       3.26151       5.21127
    -135.53930      56.85449       2.36537
       2.45002       6.38466       1.37540
     115.89249      39.60860       1.71954
     116.22413      40.24533       1.95989
     168.29209     -46.58506       1.33780
    -114.71485      33.61042       1.78702
      -1.82961      49.65920       1.44718
     152.32100     -24.90822       1.97263
     -60.70111       2.84518       1.77333
      21.03534      52.47595       1.25655
     -74.08094       4.64007       1.59661
     -43.42174     -13.25556       2.00386
      17.07346      52.27696       1.36011
       6.66643      53.57891       1.38489
       6.74745      53.56364       1.64781
     -47.87787     -15.94747       1.77672
    -119.68263      48.13152       1.53913
     -38.42554      -3.87745       1.60344
     -64.69627      32.37040       1.33213
     122.20908     -18.00398       1.60394
      -4.49659      48.38049       1.65350
     -69.94658      43.88982       2.09948
       4.35922      50.79782       1.33745
       4.35856      50.79806       1.81323
      35.02298      32.77898       2.59318
      26.12574      44.46394       1.30176
      12.50002      55.73902       1.24882
     -58.51930     -34.57370       3.27146
     -77.01042       3.88202       2.16756
     145.91485     -41.05007       1.54201
     -66.16120      18.40784       2.06097
    -124.56335      42.83610       1.68751
    -124.18430      41.74560       2.12163
       8.97275      39.13591       1.44214
     -75.80733      45.58502       2.73453
       8.97276      39.13589       1.45358
     -77.14932     -12.06288       1.61878
     -90.54017      19.84443       1.88199
      -3.79806      43.47198       1.71203
    -120.43084      35.88835       1.69279
     -75.53385      10.39133       2.08231
     110.51971     -66.28336       1.56056
    -118.89666      37.64464       2.30058
      -9.41852      38.69342       1.66255
     -77.87539      34.34465       2.53630
    -118.48301      33.44577       2.15853
    -118.33381      33.31162       1.54829
     -65.77412     -28.47098       2.96217
     -52.30997       4.94877       2.67104
     142.19503      27.06753       2.07586
     142.18458      27.09558       2.42764
     -80.54523      28.46023       2.29260
     -80.54548      28.45996       1.43900
      -4.36785      40.45343       1.41870
     133.80983     -31.86667       1.49819
     -40.31945     -20.31079       2.06638
      -5.30639      35.89197       1.57352
      -5.31133      35.89605       1.65255
     -68.23265     -31.60217       1.99828
     -79.84287      32.75757       2.21021
     125.44420      43.79069       1.76214
    -176.56584     -43.95579       1.32530
     -84.46565      45.65349       2.62470
     -88.29922      18.49528       1.76843
     -81.80713      24.55048       1.88597
      -0.40770      46.13346       1.57243
     -75.08769      38.77679       2.06247
     -44.98516     -22.68715       2.25465
     -69.95005      41.67120       2.98147
    -176.61711     -43.73547       1.27437
      74.75110      42.99850       2.22711
     -94.08873      58.75908       1.71424
    -122.00843      49.15661       1.81095
    -116.66576      31.87068       1.60026
    -118.12728      34.13671       1.58997
    -159.80061     -21.20103       2.16470
     153.26654     -27.52615       1.75915
    -124.39633      40.44177       2.62186
     -86.82090      21.17465       1.60550
     169.85585     -43.66624       1.78557
     145.74309      15.22970       2.27380
       7.01573      43.55458       1.37849
      96.83397     -12.18835       1.60054
     -81.12168      34.08100       2.05756
     -73.02538     -36.84284       2.28870
     -73.02548     -36.84376       2.19862
     -70.33824     -27.38453       2.07881
     -97.44168      27.74080       2.50194
    -123.30460      44.58554       1.95724
    -117.80889      35.98234       1.87729
    -110.97188      32.22446       1.79483
       2.37412      51.02295       1.23827
     -75.71270      36.90463       2.34114
     -71.89208     -45.51434       2.72171
    -122.25652      46.84009       1.73413
      33.99098      44.41326       2.15079
     166.66824     -77.84804       1.39341
    -117.09968      34.03905       1.81906
     -64.58432      17.75690       1.51654
    -119.78481      34.02926       1.69158
      34.89019      32.48825       1.18537
     -72.04972      41.33530       1.39680
     -71.88914      41.89970       1.67992
      18.46855     -33.95144       3.59314
     -72.48794       7.89846       2.25983
     -56.06987     -15.55526       2.31685
     -65.28252      18.30744       1.95366
     100.53392      13.73592       1.76479
      40.07140      12.06612       1.99651
     127.37448      36.39943       1.56957
     -17.46510      14.68454       1.75816
     -17.43947      14.72123       1.97671
     130.89149     -12.42401       1.83626
     131.13274     -12.84370       2.01470
      77.97261     -68.57732       1.35721
      23.99264     -30.66521       1.41501
      72.37024      -7.26969       1.67422
       2.34475      50.99365       1.79704
      -2.07598      48.58993       1.21017
       1.66164       9.69206       1.53305
     -61.67766      76.35162       1.23454
     -75.52360      39.16009       1.94895
      35.39207      31.59320       1.50472
    -119.62498      49.32262       1.51158
      35.36882      31.03691       1.30457
     -95.86618      50.25881       1.45090
     140.00196     -66.66508       2.05066
     170.59717     -45.88366       1.50172
     170.62941     -45.81432       2.03559
    -122.08016      47.77410       6.69895
      23.93243      38.07855       2.49112
       0.49236      40.82089       2.01735
      -3.29479      55.92479       1.64787
      15.08208      37.51360       1.94110
    -147.11297      64.68794       2.90492
    -109.38329     -27.14821       2.75192
      34.92060      29.50928       1.47316
     -89.86761      16.91606       2.28767
      35.77065      33.18201       1.85190
     -89.94173      29.87896       4.16668
     -66.99213      44.90871       1.45821
       1.56756      50.68035       1.37418
       8.45683      55.49357       1.10557
       8.43977      55.46027       1.26357
       0.97567      42.69358       1.99803
     -64.79871      47.07340       1.54602
     121.89432     -33.87432       1.44148
     167.19192     -15.97367       2.27435
     -86.36213      13.09954       2.11047
      38.76282       9.01986       1.51392
     -85.93759      79.98895       4.03954
     -85.93992      79.98854       4.33149
     -75.87340      23.56405       1.97485
    -145.74986      60.54870       2.74258
       7.49729      43.77443       1.49079
    -149.61430     -17.55531       1.86069
    -147.49924      64.97800       2.10031
    -147.49852      64.97815       2.05636
    -171.99953     -13.83221       2.14228
     -57.87407     -51.69365       2.15423
    -123.00077      37.69721       1.91885
      -1.24883      44.64595       2.20689
       6.73257       0.33767       1.70833
      14.50354     -22.95035       1.89817
    -101.97803      54.72558       1.48081
     -80.37357      25.75460       1.56216
     160.27141     -77.53273       1.57177
     -31.12639      39.45383       1.73498
     -71.44191      42.30006       1.55126
     -61.58197      15.87533       2.30507
     -38.42561      -3.87745       2.59817
      -7.33665      54.98376       2.02362
     -66.65988      45.93351       1.79340
     -58.98050     -62.19410       3.06763
    -178.12094     -14.30781       2.97367
     162.56470     -78.92767       1.51809
    -123.95609      46.20489       2.29418
     -16.90762      32.64795       1.95625
      -8.58909      41.10602       1.47580
     -94.73681      29.32988       3.16317
     -90.30362      -0.74270       1.81544
    -134.96482     -23.13036       2.54179
      20.32294      49.03471       1.92275
      -0.00601      16.25212       1.56086
      12.24944      44.67690       1.36811
     -81.02290      31.98758       1.84423
     -81.37945      19.29295       2.23283
       8.92114      44.41939       1.53777
      11.92293      54.57443       1.17682
     102.10546       6.22619       2.96371
      -5.36499      36.14818       2.66893
      35.41648      32.47934       1.89434
     -90.30367      -0.74300       1.40020
     -76.49946      37.24854       2.39364
      30.49673      50.36418       1.78633
     -15.63427      27.76478       1.34452
     131.01557      30.55645       1.69313
     -76.82683      39.02173       1.67669
     -76.82709      39.02118       1.33692
     -76.82732      39.02052       1.36223
    -116.88925      35.42516       2.65758
      14.78562      49.91370       1.21329
    -114.17970      40.64017       1.69093
      -9.88072     -40.34883       3.49078
       6.92057      43.75474       1.43535
      15.49348      47.06713       1.21044
     -89.95730      29.26553       2.05519
      -3.50798      47.64801       1.83644
     144.86836      13.58933       2.30685
      87.17731      43.47111       1.79429
     -90.52018      14.59040       1.89126
    -118.28968      28.88406       1.83543
      -4.41182      48.44460       1.31087
    -135.69705      58.41776       2.36898
     144.80271      13.43321       1.91391
      36.09992      29.13887       2.25549
     -90.46763      30.51308       2.07492
      27.70724     -25.88696       1.61888
      27.70776     -25.88711       2.19823
    -120.68207      34.46940       2.48654
      -1.77796      49.58066       1.53958
       7.89309      54.17448       1.58464
    -110.96721      29.09255       1.76046
       0.33627      50.86731       1.49311
       0.33435      50.86748       1.55374
      11.38609      47.31290       4.08582
     115.73858     -31.82552       1.89459
    -155.05269      19.71918       1.89611
       9.96755      57.59110       1.04876
     -95.86338      35.68275       1.48522
     -63.61128      44.68355       1.55162
     142.29621     -10.59037       1.70093
    -157.86455      21.30329       2.50563
     -76.13037      38.58882       1.84885
      19.22306     -34.42463       2.01189
     147.43873     -42.80471       1.57733
       8.29339      54.75875       1.23778
     -15.19792      64.26729       1.38599
      10.15680      54.37292       1.42977
    -128.13500      50.64035       1.99102
    -117.76124      70.73630       2.05942
      -4.64207      53.31773       1.24400
    -123.07473      38.99518       2.04171
     170.10551     -43.77733       2.40130
     -61.70306      15.97961       3.04191
     -95.43299      29.77942       2.70467
      27.68698     -25.89010       1.78795
      -1.28389      51.45374       1.24239
      -6.92030      37.19998       1.56010
      92.53241      10.60951       2.12839
      78.55087      17.41726       1.41702
       1.44897      38.91125       1.44135
     -90.52747      19.85346       1.70289
    -111.11027      43.74612       1.43496
       7.63940      45.01513       1.69082
      -5.10846      33.53963       1.27156
     -58.43932     -34.57224       2.45782
    -115.03180      32.70617       1.37734
       4.55606      52.46197       1.58541
     -51.34338     -20.42778       1.93707
     -48.65572     -28.23484       2.11394
     -47.49723      -5.49177       2.02580
    -102.28420      21.85615       1.73901
    -133.52696      68.30619       1.75273
    -110.33074      24.14527       1.64277
     -68.51050      63.75596       1.32342
     -70.13171     -20.27354       1.88718
     -73.26871      -3.76735       1.75941
     104.31618      52.21902       1.78035
     104.31624      52.21902       2.41518
      44.43840      33.34141       1.54471
     -87.05583       5.54434       2.55140
    -109.34441     -27.12498       1.95914
      29.01934      41.10445       1.57938
     132.89390     -12.65885       1.88920
     132.89453     -12.66015       2.05120
     -76.78087      17.93902       2.15616
      57.76390      25.64949       2.17274
      42.10363      16.69918       1.56569
      30.09616      62.39117       1.30305
      21.03235      52.09784       1.27879
      21.03154      52.09727       1.48282
    -118.17323      34.20482       1.92524
    -118.17430      34.20158       1.59730
      35.20245      31.77115       1.92079
     -81.70148      30.48404       2.02475
      35.14506      33.02282       1.60790
     169.77516     -43.60839       2.41113
       8.41126      49.01125       1.50552
     117.09719     -20.98143       1.47119
     132.15327     -14.37600       1.60842
     132.15250     -14.37508       2.05744
      27.78078      35.95148       1.95524
      35.68828      32.99525       2.15189
     120.97774      13.98688       4.29027
    -122.89607      46.11818       2.14838
     -50.94484      66.98742       1.46270
    -151.35018      60.67508       3.33449
      70.25552     -49.35147       2.25296
      70.21793     -49.35218       3.64241
     139.48853      35.70677       1.62175
     139.48812      35.71034       1.80034
     135.04616      48.52145       1.46340
      36.23901      50.00510       1.96317
      -5.05234      58.45877       1.34314
      21.06024      67.87758       1.45977
     172.92290       1.35458       2.21728
      20.96845      67.85735       1.49640
      66.88545      39.13477       2.46061
      21.11888      55.71536       1.99973
     -63.52739      81.25271       1.67103
    -152.19343      57.61769       3.12079
    -152.50138      57.73511       2.90828
    -159.75817      21.98349       2.56773
    -159.66493      22.12626       1.74119
      -3.90241      47.86575       1.14013
      13.72456      45.54811       1.86314
       5.80964      52.17843       1.67057
     -52.80597       5.25219       2.45085
     164.28734     -20.55869       1.60159
     -52.63975       5.09847       2.23409
     -52.80596       5.25218       2.23636
      70.25551     -49.35154       2.79237
      17.12503      39.07994       1.68796
      92.79383      55.99325       2.88370
      78.61906      50.71395       1.89942
     140.65767      35.95537       3.10129
     -35.57631      66.86328       1.74071
      33.96946      44.39289       3.14741
     103.13915       5.31889       2.26027
     -57.22705      74.58062       1.22312
     -37.14936      65.57933       1.40287
      78.19039      41.86353       2.66034
     102.79720      25.02954       1.92280
     -77.74544      55.27836       2.02895
      47.97149      29.32497       1.66139
     167.73024       8.72221       2.93412
     -81.75428      24.55369       1.99298
     -81.65303      24.58227       2.22782
     146.99319      -6.67371       2.03081
      -8.66838      37.09894       1.40782
     -61.16311      14.81296       2.45516
      20.66994      53.89240       1.33593
      12.60566      35.49977       1.36113
     133.21276     -15.57316       1.74494
     177.44658     -17.60881       1.98560
      80.95589      26.91244       1.69835
     159.07852     -31.54146       1.93574
    -118.32175      34.13460       1.94662
     -85.03119       9.94537       2.20044
      91.10399      29.65734       2.64284
      34.86631      31.37782       1.65015
      91.10403      29.65733       2.32154
     -65.59525     -38.00266       2.02199
    -159.33925      21.98456       3.04988
      -3.01823      53.44970       3.05630
     -95.14575      29.91346       2.75315
     -57.85074     -51.69841       2.23605
       1.97305      42.47813       2.28962
     -60.99618      14.59482       1.94625
     -97.48074      36.68545       1.35978
     159.06120     -31.51989       1.76555
       1.75020      52.47323       1.59772
     -17.89383      28.76387       1.80669
    -110.31935      24.13880       1.32977
     -57.93230     -34.90675       2.07008
     167.26378     -20.91799       2.03366
      -4.76040      48.44626       1.22831
      -1.21932      46.15894       1.49406
      -1.14027      60.15405       1.91136
     -40.19805      64.43048       2.03911
     172.72222     -43.60584       4.17375
     158.93583     -54.49953       1.33974
      -4.24966      40.42916       2.43979
     168.05759     -14.96807       2.52957
     150.77002      59.57575       3.98664
     171.36452       7.11915       2.00410
      40.19414      -2.99606       1.37770
      -4.39353      36.72612       1.97344
      73.52629       4.18868       2.75869
      40.19440      -2.99591       2.19658
       2.62455      39.55263       1.79585
     -86.24899      12.14894       1.59082
     -51.09734       0.04669       1.89691
      17.25853      60.59514       1.32553
     -71.62443      10.67398       2.56563
     -65.69462      77.18704       1.05359
      37.86099     -46.87646       4.98316
       5.35379      43.27877       1.88664
     -15.63328      27.76374       1.39970
      16.70455      40.64906       1.75501
      16.70446      40.64913       1.45574
    -156.25702      20.70665       1.80980
      62.87072     -67.60477       1.43055
     -67.15887      18.21759       2.85428
      30.73788      -0.60147       1.43241
     -82.53232      27.84982       2.24277
     153.97866      24.29009       1.70268
     166.66933     -77.83835       1.31636
    -104.01499      30.68051       1.87680
     -76.45388      38.31892       1.38410
      37.21450      56.02149       1.50927
      37.22359      56.02748       2.56726
      11.64681      44.51996       1.96085
     -89.62032      20.98005       1.94751
      34.25585      36.56639       2.36926
      24.39532      60.21747       1.26286
      24.39533      60.21748       1.62665
      25.53997     -25.80502       1.80075
     -69.39792     -35.77735       2.13985
    -121.64258      37.34153       1.89514
     -80.16017      25.73281       2.10225
    -120.35139      34.03826       2.13807
      31.97284      46.97278       1.80691
     -87.88845      43.00254       1.85895
     141.13283      39.13517       2.45224
    -155.45634      19.80135       1.74077
     -87.39181      32.09026       2.65315
     -88.02410      30.22752       2.79396
      36.56971      55.11488       2.66315
      36.56952      55.11488       2.11977
     144.97534     -37.82941       2.05418
    -116.42235      32.89194       1.57108
      -1.68550      55.21279       2.52669
     -57.57130     -38.00577       2.03427
     -57.53114     -38.03560       2.64556
    -105.24920      20.67900       1.82119
     172.65470     -43.70273       1.54161
    -109.71764      23.16045       2.60242
     170.46494     -43.98570       1.59484
    -100.31291      25.71551       2.05900
      85.52122      27.69272       3.91447
     -61.68872      56.53698       1.45977
      42.04465      19.21142       1.53356
    -124.08648      49.29481       1.90621
     -81.77629      26.14864       1.94838
     -77.46226      25.05254       2.24760
     166.92555      -0.55173       2.14617
     -60.05502      -3.02292       3.00654
     -75.75134      36.18168       1.52511
     -89.61028      30.35628       2.15313
    -124.62491      48.29786       2.05494
     -47.92497     -25.02024       2.67669
      -5.54279      50.10303       1.88983
       7.22726      43.70326       1.60765
      33.39645      35.14099       1.59437
    -105.26260      39.99507       1.86582
    -105.26225      39.99543       2.45830
    -169.92707     -19.07653       1.63671
     -74.80290      39.10067       1.38085
     -74.53082      39.47452       1.30966
     -74.17770      40.74148       1.57827
       9.67212       0.35391       1.67395
     -91.57490      41.77159       1.75549
     166.44251     -22.26479       1.64762
     116.19272     -31.04874       1.36926
     -44.90106      61.63188       1.96446
     167.93883     -29.04335       1.58194
      14.98979      36.87584       1.54950
      14.98981      36.87611       2.07367
     166.41020     -22.26985       1.70796
      82.90949      55.03050       1.68682
      -0.33964      51.42098       1.37369
     174.11817     -39.18256       2.16328
     -71.32754      41.50985       1.64719
     -75.62383      45.45416       1.68123
      35.03604      30.03842       1.15856
      88.35978      69.36183       1.38338
     -77.02440      38.82075       1.77129
     166.48488     -22.22833       1.83114
      -1.43257      55.00891       3.19481
      44.50293      40.22646       1.28032
    -116.97268      32.57931       1.75970
      -1.43987      55.00742       1.93082
     103.67996       1.34580       1.80556
      30.08968      -1.94455       1.25433
      83.23544      54.84061       2.63223
      11.86531      78.92955       1.33986
      11.86509      78.92958       1.66743
     -74.01432      40.70107       1.77176
     -73.73008      40.71953       1.55857
     -96.71674      17.07834       3.68550
      11.27987      48.08617       1.77882
      11.27980      48.08618       1.46712
    -102.31516      31.87393       1.94069
    -117.04177      33.13061       1.76776
     -57.90133     -63.32108       2.40177
     -57.90139     -63.32109       2.07228
     -57.90034     -63.32072       2.60713
     -88.86248      34.09026       2.48206
      11.92552      57.39530       1.12776
       2.92229      51.22541       1.41443
       2.33494      48.83592       1.28695
      20.79405      41.12731       1.52827
      10.36776      59.73659       1.71378
     127.02403      37.07757       1.45151
      -1.51250      12.35639       1.73837
     170.51093     -45.86947       1.59987
     170.51092     -45.86950       1.74450
     -96.05488      16.51997       2.42110
    -123.72620      38.92835       1.57635
     140.85831      43.20953       1.85540
     139.48919      42.07879       1.50456
     140.85921      40.89750       1.48893
     139.70346      39.94212       1.92709
     139.54596      38.56334       1.58874
     140.96241      37.83079       1.55847
     140.24945      35.12938       2.00944
     139.61553      35.16015       1.52622
     138.28125      37.81476       1.47626
     138.50851      37.35654       1.63882
     136.90032      37.40573       1.98126
     136.14884      36.25458       1.50349
     139.13296      34.89549       2.50835
     138.76420      34.80690       1.64417
     138.32741      34.87067       1.55965
     136.82384      34.90397       1.46807
     135.19154      34.14415       1.62955
     134.31593      35.59369       1.75657
     131.60465      34.62759       1.90762
     133.24350      33.33350       1.76687
     129.84929      33.47308       1.72674
     131.66960      32.42862       1.78059
     130.19106      32.01741       3.10147
     127.82467      26.17947       1.66756
    -124.23704      40.69109       1.33441
     141.68533      45.40782       1.49337
     144.28579      44.01941       1.48705
     144.37140      42.97557       2.02349
     140.72453      41.78166       1.61231
     139.82492      34.91879       1.51628
     137.22457      36.76217       1.85883
     135.77319      33.47595       1.57799
     132.06621      34.89731       1.55689
     129.86620      32.73512       2.73073
     131.40930      31.57697       2.31573
     127.66521      26.21333       1.74486
     142.19461      27.09394       2.13864
    -122.21906      37.86390       1.83612
    -121.90541      36.62168       1.58789
    -124.25348      43.39552       1.46113
    -123.50328      48.05955       2.24714
      11.89606      45.41115       2.59260
      80.70262       7.27275       2.35226
     -64.05112     -64.77509       2.41205
    -149.57272     -17.53308       2.22158
     -75.17633      40.01316       1.76497
     -49.23095     -25.44837       2.37868
     -70.87988     -53.13695       2.16145
     148.26461     -32.99877       2.14720
      -1.93152      43.32176       1.42928
    -106.41393      31.76977       2.31489
      21.78675      38.28366       1.60770
     -95.71851      31.77827       2.10451
      98.52622      -0.03160       2.20584
      -2.45748      50.52178       1.14443
    -122.41895      37.85305       2.90890
      92.71225      11.63781       1.68337
      92.71214      11.63778       1.50628
     -87.18942      30.46902       2.16559
     -25.66276      37.74775       1.54876
      19.28153      47.78960       1.38980
     115.88525     -31.80197       1.31289
     158.60708      53.06673       1.87308
     158.65013      53.02330       1.54215
    -123.45113      48.64853       2.56916
      31.34340      29.86155       1.80116
     -90.16197      51.47981       1.85021
    -108.11893      34.30151       1.57055
     121.07773      14.63572       1.85164
    -116.45816      33.61216       1.78963
    -117.24303      32.66542       1.65555
     -34.03346      66.89773       1.04779
     -15.40761      28.14671       1.38630
      -1.11120      50.80233       2.05041
      -4.12618      50.41647       1.18802
     -85.67819      30.20459       2.27730
     147.36601      -2.04323       2.28119
     -51.11976     -30.07404       2.58489
     158.21012       6.95994       2.62700
      74.69427      42.67977       1.76372
      34.54293      49.60261       1.35200
     -70.70953      43.07102       2.43096
    -116.59086      32.61841       1.44338
      13.06609      52.37930       1.24669
     -63.89632      -8.70934       2.35673
    -122.38995      37.18709       2.28431
     -51.40853     -22.11990       2.33644
     -97.51925      34.97987       2.35883
    -114.29350      50.87135       1.83009
      28.22404     -25.74635       1.67272
       5.37271      43.27676       1.69062
     -67.04537      17.97040       1.94149
     121.04077      14.53544       1.50946
      10.45975      52.29619       1.52861
     150.91370     -34.47555       1.46631
     141.61347     -38.34440       1.56580
    -123.01872      37.99617       2.01974
    -124.25520      41.78274       1.52876
     138.48572     -35.09470       1.16940
     -67.06696      18.46298       2.18710
     -67.06684      18.46319       2.07595
    -118.40425      33.74330       2.01823
    -118.40425      33.74329       1.71363
     -52.68837      70.74040       1.48419
     -46.04776      60.71526       1.17523
     -64.03367      67.55934       1.90198
    -125.33083      50.13250       1.64014
     169.81583     -43.53166       1.76789
     -78.49361      -0.21516       1.42367
    -120.94443      39.97455       1.79889
      -6.85429      33.99810       1.27629
      34.76314      30.59761       1.68583
      32.07838     -28.79555       1.73217
    -119.72000      34.49998       2.29439
      36.89348      -1.22083       1.51755
     -80.38407      25.61410       1.60943
     -34.95152      -8.05096       2.05150
     -75.56998      39.56145       1.80205
       5.14488      50.00150       1.42315
      17.11753      54.47238       1.33455
     -94.89369      74.69082       2.29088
      55.57172     -21.20823       2.01421
     -21.95549      64.13878       1.52533
     -21.95548      64.13879       1.76114
     -77.42966      37.53790       1.56544
      24.05877      56.94862       1.47746
     -50.99396      71.84850       1.82763
     -67.75112     -53.78547       2.10259
     -67.80281      -9.96546       2.01517
     -78.65111      -1.65060       1.75530
      -6.20626      36.46427       1.60708
     163.19011     -77.03444       1.26660
     -52.95209     -22.52330       2.44553
      -3.96573      48.71844       1.82343
     -68.12578     -67.57139       3.02975
     150.79008     -23.16099       1.80002
     -65.10725     -43.29888       2.12758
     -76.70935      39.25463       1.62183
     -74.23440      40.68053       1.68708
     -66.64234      45.95014       1.52880
     137.93433     -32.47029       1.64010
      -1.80579      46.53003       3.30089
    -125.24986      71.99033       2.52877
     -83.83777      43.62864       2.09342
     -67.05778      -0.14385       2.21026
     -44.21248      -2.59346       1.68876
     -38.51236     -13.00867       2.53345
    -171.73842     -13.84921       2.37898
      98.71472       3.62161       2.44254
     167.20320     -15.44714       2.23600
     -70.66855     -33.15029       2.19775
    -121.44718      36.76530       1.46068
       9.40251      41.85833       1.92094
      -2.76981      47.52449       1.24113
    -106.39835      52.19626       1.46732
      13.64329      54.51359       1.62062
     -81.69634      32.13860       2.42292
     -38.43225     -12.93925       1.68332
      17.87921     -29.66933       1.30701
    -122.41044      37.68622       2.25093
    -123.00761      48.54619       1.97076
     -79.93800      32.78292       2.12081
     -66.83262      54.83209       1.82089
     -79.92536      32.77948       1.94898
     -78.73525      33.93993       1.90103
      -6.29580      49.91456       0.98305
    -118.48794      32.91443       1.59209
      -1.68168      43.39523       1.86582
     -21.95034      70.48533       1.28277
     -75.76232      20.01206       2.33513
    -122.30948      47.65398       1.84751
      77.01690      43.17873       1.92061
       3.69912      43.39765       1.44142
      55.47940      -4.67372       2.71172
      -6.20565      36.46435       1.18003
      25.04655      60.20019       1.36055
     -73.12496      40.91468       1.64030
     -99.18861      19.74124       2.06238
     126.95553      37.46252       2.53945
      24.96116      60.20385       1.20603
      79.87417       6.89207       2.11420
     121.20044      31.09964       1.85398
      75.31547      42.62071       1.74102
     -64.55201      46.22069       1.77048
       0.74341      51.44568       4.42584
     -74.01160      40.47149       2.06247
       0.82702      51.55479       1.16504
      18.43957     -34.18794       2.39849
    -117.25041      32.86470       1.55679
    -117.24969      32.84073       1.68859
       4.67658      45.87908       1.16384
      21.04829      64.87920       1.45607
     -95.19678      16.16843       2.22369
      55.28802     -21.19596       2.52789
     135.93695      33.57786       1.50175
      -2.02747      48.64108       1.49934
     -79.15806      35.47353       1.50213
    -119.52436      33.24787       1.70571
      23.39473      42.55609       1.59366
     -76.45389      38.31888       1.76832
      46.40057      24.91068       1.21555
     -61.66272      16.04498       3.13128
     147.93085     -42.54644       1.75799
    -118.64616      34.05934       1.78596
      16.43845      43.50664       1.47324
    -115.46586      31.04504       2.06689
      12.89135      57.71496       1.21539
     -54.39370      72.91068       1.01477
    -120.06522      34.00433       1.82959
     -38.51648     -12.97516       1.83907
     -89.11660      13.69709       2.05039
       5.59862      59.01771       1.19979
      -5.66735     -15.94253       1.61387
     -52.67830      47.59523       1.72153
     -52.67775      47.59524       1.24231
     141.84482      43.52865       1.77799
     -89.75869      38.61109       2.25221
     145.21404     -38.37518       1.38962
     -91.90331      44.30395       2.16699
     149.01005     -35.31553       1.34514
     149.01015     -35.31616       1.42357
     -64.97445      18.34009       2.88550
      24.01449      49.83559       1.29343
      73.99711      44.20813       2.27934
     153.03530     -27.48489       2.70054
      20.81046     -32.38021       1.48502
      20.81091     -32.38143       1.47273
     127.05424      37.27551       1.52727
      29.78088      60.53286       1.28432
      -3.98177      51.56556       1.15060
      -6.38895      58.20759       1.54005
     151.15038     -33.78088       1.28198
      39.58374     -69.00696       1.36844
    -117.67828      34.38185       2.05118
    -149.60619     -17.57703       1.94368
     174.76989     -36.84360       1.52085
      72.21045      42.44547       2.12225
      -0.86172       9.55426       1.68970
     -97.86403      22.27832       1.66847
      39.20792      -6.76559       2.05027
      -5.60262      36.00851       2.52145
      69.29557      41.32805       1.89788
    -149.47553     -23.34180       1.90148
      51.33409      35.69728       1.83002
      34.78090      32.06800       1.43948
     -27.15299      38.71899       2.72921
       5.21939      53.36274       1.55027
      -5.36301      35.56164       2.20763
    -125.90784      49.15414       2.05504
       6.74792      53.55743       1.57337
       8.85917      54.12174       1.90525
       8.68705      54.73051       1.26847
       7.55475      58.00638       1.61777
       7.18628      53.33677       2.23741
       7.03068      53.32717       1.76087
       8.09264      53.77171       1.42174
      15.65103      38.10832       1.90147
    -149.60645     -17.57706       1.90002
     -68.78801      76.53734       2.03731
     -68.82504      76.53705       1.24130
    -122.44760      37.89087       1.75140
     148.98000     -35.39920       1.52023
     -42.28615      62.53554       1.34768
       6.43163      51.03531       1.67853
     128.86642      71.63447       2.44145
     128.86639      71.63446       2.71633
       1.48089      43.56069       1.19856
    -105.23271      40.13093       1.85918
     -16.24115      28.47718       2.14166
     -85.37805      35.39048       2.40590
     120.98734      24.79795       1.86955
      11.99995      42.06401       1.63913
    -175.17922     -21.14471       2.07866
     -48.33068     -10.17105       1.90446
       7.66128      45.06337       3.06145
    -118.33060      33.79780       1.61928
      -6.76452      62.02330       1.66335
       1.48076      43.56077       1.67300
     147.05569     -19.26928       1.70250
      39.77556      40.99471       1.56142
    -117.80343      33.61793       1.81170
      10.31916      63.37138       1.61980
     -41.37507      64.27707       1.38624
      13.76352      45.70976       1.36911
      18.93965      69.66272       1.63951
      18.93833      69.66275       1.86351
     140.08750      36.10568       1.74869
      29.45068      40.78673       1.48006
      24.07056      35.53319       1.77613
     -65.23035     -26.84326       2.59842
    -132.99435      69.43824       2.71205
     179.19656      -8.52529       2.06737
     -94.77264      29.32787       2.38747
     -94.78930      29.28514       3.30326
    -118.44191      34.06912       1.95184
    -125.54164      48.92564       1.87415
     -70.40927     -23.67897       2.07608
    -104.40153      19.12410       2.29116
    -122.45815      37.76297       1.57646
     107.05233      47.86507       2.34039
      31.42092     -28.29312       1.57342
      -5.15937      57.89497       2.70350
     116.11203       6.03923       2.35905
     -66.64170      45.95021       1.62792
     -99.18130      19.31270       2.19744
      12.35570      43.11939       1.46668
     -86.86817      20.86850       1.68629
     -65.40764     -24.72746       2.26592
      11.87793      45.40672       2.03091
    -155.88381      20.24589       3.64183
      87.60067      43.80795       2.20705
    -118.28511      34.02395       1.95793
    -120.66109      35.31180       1.96136
    -109.68105      29.82165       1.78841
     -77.06627      38.92057       1.41545
     -76.47939      38.98335       4.91539
     -77.06623      38.91896       1.87401
     138.36204      36.13311       2.68557
      22.29762      48.63198       1.62145
      21.77064      62.96119       1.49215
      13.72418      49.13379       1.42351
      57.49704     -20.29708       1.77963
     -76.49937      37.24862       1.63797
     -77.56417      48.09706       2.14531
      -0.33765      39.48083       1.15855
     -71.63503     -33.02793       2.57993
     -71.62609     -33.02724       2.75068
    -120.56351      34.82661       2.13588
     168.31515     -17.74397       1.85584
      31.03119      70.33637       1.61815
     168.15611     -15.48254       2.23593
     -62.26923     -38.70077       2.48666
     -99.21732      36.07171       3.02164
      12.35408      45.43057       1.89605
      12.33198      45.43698       3.00442
      -2.84178     -71.67380       1.37000
      -8.81307      42.18398       1.45823
     -64.79813      17.71618       2.86453
      16.55993      64.69785       1.48586
     168.31950     -17.72889       2.24442
      -3.95198      40.44359       1.21842
     -75.68701      37.60835       1.66116
      18.36732      57.65387       1.09793
     -64.96921      18.34333       2.70017
       3.59733      51.44288       1.65174
     -64.25416     -65.24601       2.35624
    -120.61645      34.55631       2.41073
     -72.30861      18.52868       2.40426
    -118.29382      33.71264       1.41635
     -72.47757      43.28147       1.39767
       7.46425      46.92375       1.16828
     174.66278     -36.43441       1.52171
      12.10142      54.16979       1.33344
     -77.06623      38.92045       1.84914
     -77.06630      38.92057       1.50177
     174.77871     -41.27265       2.27867
     -71.49333      42.61334       1.61703
       1.13034      52.94487       1.27181
     174.80589     -41.32346       1.69191
     174.78159     -41.29044       2.17558
    -118.03117      33.97988       2.09190
    -135.22211      60.75051       2.12763
     154.22012     -79.84570       1.52529
    -116.39178      33.93476       2.00885
    -122.16781      52.23687       1.46369
      17.08943     -22.57492       1.66539
    -122.14057      37.65264       3.37210
     -92.01521      46.70506       1.97921
      18.41875      54.79676       3.32820
     -92.78191      31.89723       2.70168
     153.03527     -27.48496       1.71079
    -118.42761      33.95815       1.60424
      17.06204      51.11326       1.33820
    -122.92119      50.12654       2.26721
    -106.34983      32.40714       2.13997
       6.60451      52.91461       1.24133
      12.87890      49.14423       1.23661
      12.87893      49.14420       1.56051
      12.87891      49.14420       1.26079
      12.87863      49.14479       1.20947
      12.87894      49.14423       1.67188
      12.87890      49.14421       1.12792
     114.35726      30.53165       1.78857
     -83.10815      29.63101       1.82751
     109.22149      34.36867       2.59318
     105.68850     -10.44997       1.83259
     129.68030      62.03096       2.31287
     115.34698     -29.04655       1.76155
     115.34715     -29.04650       1.33590
     115.34697     -29.04659       1.52459
     -63.67998     -22.01710       2.18156
      -3.08863      40.52490       1.30768
    -114.48084      62.48132       1.42532
    -114.48070      62.48089       1.63043
      56.11233      22.18646       1.32991
      -5.24009       6.87056       1.19680
      34.92827      30.99157       1.14746
     142.71672      47.02974       1.46829
      28.31101     -15.42554       1.65073
      41.56507      43.78839       1.52697
       3.20823      51.33586       1.24697
    -157.92082      21.31299       2.46216
       7.46503      46.87709       1.27011
       7.46510      46.87714       1.41334
       7.46528      46.87710       1.33786
     -65.99348      18.43134       2.11164
      36.75839      55.69928       1.77800
      36.75863      55.69928       2.91807
