     139.54766      39.18556       1.75673
    -160.47676      55.34928       1.90607
    -168.06213      65.61498       2.52713
    -165.37346      64.56450       2.46014
    -176.66265      51.86415       2.17985
    -138.89881      59.34037       3.10850
    -135.22830      59.52804       2.23987
    -134.54530      58.41678       1.98222
      -2.08022      57.14401       1.78657
     -61.52754      16.26230       2.09420
      47.22921     -19.01831       1.80471
    -149.72401      60.48133       1.95035
      -8.39893      43.36438       1.48624
     -70.88659      41.74325       1.74079
     -61.08646      16.29686       2.08613
     138.64735     -34.72900       1.49249
      38.76630       9.03513       1.74268
     130.59959      31.82406       2.36123
    -131.59954      55.06907       2.54274
       8.76261      41.92746       1.61168
      -0.48123      38.33892       1.47787
    -123.48747      48.38978       1.54252
     117.81018     -34.95023       2.01289
     -88.07798      30.24917       2.24718
     -78.07137      45.95580       1.61497
     133.88552     -23.67012       1.41887
      -2.45945      36.85253       1.71866
      34.60665      31.70794       1.31330
     -62.34046      82.49429       2.38324
     167.67930     -15.41952       2.45189
       0.99433      49.85939       1.33298
    -104.52459      38.80312       1.35676
      35.87954      32.02855       1.85150
      16.13482      69.32606       3.63139
      16.00870      69.27837       1.80924
     -95.48507      29.30148       2.83855
      32.75847      39.88737       1.98708
     -76.60925      39.01029       2.16129
     -71.53205     -37.33870       2.17448
     -98.57664      29.49121       2.24033
    -118.83032      34.15744       1.68533
     -80.16220      25.73469       1.92497
     -71.49279     -16.46551       1.82413
     -71.49280     -16.46552       1.83429
      -6.78352      61.99737       1.93220
     -97.05896      27.83835       2.48690
      58.56046      56.42982       1.40825
     -14.41207      -7.95121       2.33336
     -82.54620      35.59945       1.75550
    -170.72243     -14.32610       2.52799
     174.83439     -36.60284       1.41702
     174.77042     -36.84376       1.49738
     -97.75632      30.31170       2.53194
      23.00372      40.56682       1.71119
     -68.30357     -54.83953       2.80722
    -166.54184      53.87564       2.65653
     167.09334     -15.64359       2.33793
     102.23498      51.76971       1.83401
      50.60815      26.20914       1.97407
     -68.26333      49.18683       1.73376
     -96.00234      64.31782       1.98687
     106.84891      -6.49105       2.09752
      49.81441      40.37217       1.40261
    -125.13510      48.83533       2.66687
      77.51162      13.03432       1.63096
    -119.02973      33.48045       1.51680
     -68.22169      44.39505       1.54495
    -162.70716      55.19027       3.35223
    -162.70676      55.19042       3.35333
    -126.84264      50.54428       1.97209
       3.13670      42.51532       2.59461
     -48.46255      -1.40879       2.36154
       1.40114      41.59962       1.62607
      -1.53691      43.47196       1.28223
     166.45338      68.06531       2.46181
     166.43796      68.07613       2.85255
     113.09434       3.24032       2.54028
     113.06722       3.26151       5.35769
    -135.53930      56.85449       2.39117
       2.45002       6.38466       1.43507
     115.89249      39.60860       1.70815
     116.22413      40.24533       1.95967
     168.29209     -46.58506       1.38677
    -114.71485      33.61042       1.79438
      -1.82961      49.65920       1.34315
     152.32100     -24.90822       1.99512
     -60.70111       2.84518       1.90690
      21.03534      52.47595       1.14331
     -74.08094       4.64007       1.72635
     -43.42174     -13.25556       2.03418
      17.07346      52.27696       1.33719
       6.66643      53.57891       1.27202
       6.74745      53.56364       1.64786
     -47.87787     -15.94747       1.84342
    -119.68263      48.13152       1.56271
     -38.42554      -3.87745       1.72199
     -64.69627      32.37040       1.38668
     122.20908     -18.00398       1.79199
      -4.49659      48.38049       1.68705
     -69.94658      43.88982       2.07773
       4.35922      50.79782       1.31448
       4.35856      50.79806       1.74224
      35.02298      32.77898       2.58306
      26.12574      44.46394       1.39384
      12.50002      55.73902       1.19638
     -58.51930     -34.57370       3.24273
     -77.01042       3.88202       2.22975
     145.91485     -41.05007       1.57064
     -66.16120      18.40784       2.08591
    -124.56335      42.83610       1.71843
    -124.18430      41.74560       2.15176
       8.97275      39.13591       1.49366
     -75.80733      45.58502       2.73463
       8.97276      39.13589       1.51313
     -77.14932     -12.06288       1.70289
     -90.54017      19.84443       1.91747
      -3.79806      43.47198       1.73700
    -120.43084      35.88835       1.77488
     -75.53385      10.39133       2.17176
     110.51971     -66.28336       1.58827
    -118.89666      37.64464       2.36247
      -9.41852      38.69342       1.64563
     -77.87539      34.34465       2.52456
    -118.48301      33.44577       2.20764
    -118.33381      33.31162       1.59948
     -65.77412     -28.47098       3.01330
     -52.30997       4.94877       2.76342
     142.19503      27.06753       2.13984
     142.18458      27.09558       2.45741
     -80.54523      28.46023       2.32179
     -80.54548      28.45996       1.46647
      -4.36785      40.45343       1.41328
     133.80983     -31.86667       1.45887
     -40.31945     -20.31079       2.05547
      -5.30639      35.89197       1.59880
      -5.31133      35.89605       1.67944
     -68.23265     -31.60217       2.05047
     -79.84287      32.75757       2.27922
     125.44420      43.79069       1.87655
    -176.56584     -43.95579       1.33555
     -84.46565      45.65349       2.74016
     -88.29922      18.49528       1.78138
     -81.80713      24.55048       1.96506
      -0.40770      46.13346       1.64943
     -75.08769      38.77679       2.11726
     -44.98516     -22.68715       2.28541
     -69.95005      41.67120       2.92851
    -176.61711     -43.73547       1.31068
      74.75110      42.99850       2.46757
     -94.08873      58.75908       1.73290
    -122.00843      49.15661       1.82228
    -116.66576      31.87068       1.67212
    -118.12728      34.13671       1.69560
    -159.80061     -21.20103       2.19971
     153.26654     -27.52615       1.79697
    -124.39633      40.44177       2.64812
     -86.82090      21.17465       1.63216
     169.85585     -43.66624       1.78839
     145.74309      15.22970       2.33601
       7.01573      43.55458       1.45525
      96.83397     -12.18835       1.68464
     -81.12168      34.08100       2.07485
     -73.02538     -36.84284       2.32932
     -73.02548     -36.84376       2.22723
     -70.33824     -27.38453       2.13144
     -97.44168      27.74080       2.59804
    -123.30460      44.58554       1.98042
    -117.80889      35.98234       1.84973
    -110.97188      32.22446       1.82571
       2.37412      51.02295       1.17367
     -75.71270      36.90463       2.31350
     -71.89208     -45.51434       2.73838
    -122.25652      46.84009       1.73920
      33.99098      44.41326       2.14381
     166.66824     -77.84804       1.40296
    -117.09968      34.03905       2.07968
     -64.58432      17.75690       1.56590
    -119.78481      34.02926       1.74910
      34.89019      32.48825       1.23379
     -72.04972      41.33530       1.41856
     -71.88914      41.89970       1.72619
      18.46855     -33.95144       3.60023
     -72.48794       7.89846       2.24601
     -56.06987     -15.55526       2.31685
     -65.28252      18.30744       1.95490
     100.53392      13.73592       1.97511
      40.07140      12.06612       2.01772
     127.37448      36.39943       1.65134
     -17.46510      14.68454       1.83113
     -17.43947      14.72123       2.04081
     130.89149     -12.42401       2.00038
     131.13274     -12.84370       2.22393
      77.97261     -68.57732       1.45716
      23.99264     -30.66521       1.44412
      72.37024      -7.26969       1.71925
       2.34475      50.99365       1.68995
      -2.07598      48.58993       1.20845
       1.66164       9.69206       1.55747
     -61.67766      76.35162       1.25155
     -75.52360      39.16009       1.94753
      35.39207      31.59320       1.51956
    -119.62498      49.32262       1.61793
      35.36882      31.03691       1.34176
     -95.86618      50.25881       1.54934
     140.00196     -66.66508       2.06359
     170.59717     -45.88366       1.54977
     170.62941     -45.81432       2.02848
    -122.08016      47.77410       6.63616
      23.93243      38.07855       2.51295
       0.49236      40.82089       2.05286
      -3.29479      55.92479       1.65789
      15.08208      37.51360       1.95385
    -147.11297      64.68794       3.02109
    -109.38329     -27.14821       2.78691
      34.92060      29.50928       1.49280
     -89.86761      16.91606       2.35010
      35.77065      33.18201       1.81609
     -89.94173      29.87896       4.24969
     -66.99213      44.90871       1.48855
       1.56756      50.68035       1.25943
       8.45683      55.49357       1.08316
       8.43977      55.46027       1.22744
       0.97567      42.69358       1.98933
     -64.79871      47.07340       1.53746
     121.89432     -33.87432       1.46837
     167.19192     -15.97367       2.32178
     -86.36213      13.09954       2.17558
      38.76282       9.01986       1.68548
     -85.93759      79.98895       4.04725
     -85.93992      79.98854       4.44575
     -75.87340      23.56405       2.03753
    -145.74986      60.54870       2.88090
       7.49729      43.77443       1.54306
    -149.61430     -17.55531       1.90065
    -147.49924      64.97800       2.22820
    -147.49852      64.97815       2.10735
    -171.99953     -13.83221       2.15838
     -57.87407     -51.69365       2.14535
    -123.00077      37.69721       1.98699
      -1.24883      44.64595       2.29538
       6.73257       0.33767       1.74586
      14.50354     -22.95035       1.88131
    -101.97803      54.72558       1.57857
     -80.37357      25.75460       1.67605
     160.27141     -77.53273       1.55270
     -31.12639      39.45383       1.74492
     -71.44191      42.30006       1.62273
     -61.58197      15.87533       2.36005
     -38.42561      -3.87745       2.68826
      -7.33665      54.98376       1.94259
     -66.65988      45.93351       1.81406
     -58.98050     -62.19410       2.97048
    -178.12094     -14.30781       3.01584
     162.56470     -78.92767       1.51700
    -123.95609      46.20489       2.30202
     -16.90762      32.64795       1.97039
      -8.58909      41.10602       1.44718
     -94.73681      29.32988       3.33246
     -90.30362      -0.74270       1.94095
    -134.96482     -23.13036       2.55670
      20.32294      49.03471       1.95534
      -0.00601      16.25212       1.62764
      12.24944      44.67690       1.44881
     -81.02290      31.98758       1.85249
     -81.37945      19.29295       2.26684
       8.92114      44.41939       1.60775
      11.92293      54.57443       1.14563
     102.10546       6.22619       3.09787
      -5.36499      36.14818       2.65189
      35.41648      32.47934       1.85617
     -90.30367      -0.74300       1.51496
     -76.49946      37.24854       2.43183
      30.49673      50.36418       1.91989
     -15.63427      27.76478       1.36857
     131.01557      30.55645       1.75767
     -76.82683      39.02173       1.69939
     -76.82709      39.02118       1.40705
     -76.82732      39.02052       1.43227
    -116.88925      35.42516       2.66416
      14.78562      49.91370       1.20151
    -114.17970      40.64017       1.69870
      -9.88072     -40.34883       3.50051
       6.92057      43.75474       1.48145
      15.49348      47.06713       1.24901
     -89.95730      29.26553       2.16309
      -3.50798      47.64801       1.79441
     144.86836      13.58933       2.35870
      87.17731      43.47111       1.95627
     -90.52018      14.59040       1.92618
    -118.28968      28.88406       1.92254
      -4.41182      48.44460       1.31773
    -135.69705      58.41776       2.25017
     144.80271      13.43321       1.99069
      36.09992      29.13887       2.32606
     -90.46763      30.51308       2.08691
      27.70724     -25.88696       1.62525
      27.70776     -25.88711       2.18047
    -120.68207      34.46940       2.56097
      -1.77796      49.58066       1.50139
       7.89309      54.17448       1.48350
    -110.96721      29.09255       1.83814
       0.33627      50.86731       1.53948
       0.33435      50.86748       1.59774
      11.38609      47.31290       3.93690
     115.73858     -31.82552       1.86283
    -155.05269      19.71918       1.92615
       9.96755      57.59110       1.03407
     -95.86338      35.68275       1.47664
     -63.61128      44.68355       1.61985
     142.29621     -10.59037       1.77817
    -157.86455      21.30329       2.57469
     -76.13037      38.58882       1.86276
      19.22306     -34.42463       2.03275
     147.43873     -42.80471       1.60718
       8.29339      54.75875       1.09625
     -15.19792      64.26729       1.50124
      10.15680      54.37292       1.35409
    -128.13500      50.64035       1.93730
    -117.76124      70.73630       2.15927
      -4.64207      53.31773       1.21281
    -123.07473      38.99518       2.02403
     170.10551     -43.77733       2.41235
     -61.70306      15.97961       3.08360
     -95.43299      29.77942       2.74930
      27.68698     -25.89010       1.79086
      -1.28389      51.45374       1.25243
      -6.92030      37.19998       1.55066
      92.53241      10.60951       2.23698
      78.55087      17.41726       1.49774
       1.44897      38.91125       1.46135
     -90.52747      19.85346       1.66290
    -111.11027      43.74612       1.53745
       7.63940      45.01513       1.73976
      -5.10846      33.53963       1.31490
     -58.43932     -34.57224       2.52233
    -115.03180      32.70617       1.46779
       4.55606      52.46197       1.49471
     -51.34338     -20.42778       1.86857
     -48.65572     -28.23484       2.13847
     -47.49723      -5.49177       1.95444
    -102.28420      21.85615       1.90413
    -133.52696      68.30619       1.78977
    -110.33074      24.14527       1.78245
     -68.51050      63.75596       1.42244
     -70.13171     -20.27354       1.92932
     -73.26871      -3.76735       1.75777
     104.31618      52.21902       1.88356
     104.31624      52.21902       2.49995
      44.43840      33.34141       1.62514
     -87.05583       5.54434       2.62642
    -109.34441     -27.12498       1.98784
      29.01934      41.10445       1.59387
     132.89390     -12.65885       2.10219
     132.89453     -12.66015       2.19666
     -76.78087      17.93902       2.22281
      57.76390      25.64949       1.97669
      42.10363      16.69918       1.61181
      30.09616      62.39117       1.32024
      21.03235      52.09784       1.30376
      21.03154      52.09727       1.50207
    -118.17323      34.20482       1.95327
    -118.17430      34.20158       1.66534
      35.20245      31.77115       1.94069
     -81.70148      30.48404       2.05807
      35.14506      33.02282       1.58337
     169.77516     -43.60839       2.41461
       8.41126      49.01125       1.38853
     117.09719     -20.98143       1.65377
     132.15327     -14.37600       1.76742
     132.15250     -14.37508       2.16306
      27.78078      35.95148       2.01426
      35.68828      32.99525       2.11897
     120.97774      13.98688       4.47005
    -122.89607      46.11818       2.17118
     -50.94484      66.98742       1.49149
    -151.35018      60.67508       3.38848
      70.25552     -49.35147       2.27334
      70.21793     -49.35218       3.63767
     139.48853      35.70677       1.66451
     139.48812      35.71034       1.88374
     135.04616      48.52145       1.46539
      36.23901      50.00510       2.02131
      -5.05234      58.45877       1.40932
      21.06024      67.87758       1.50683
     172.92290       1.35458       2.25659
      20.96845      67.85735       1.49316
      66.88545      39.13477       2.52468
      21.11888      55.71536       1.85124
     -63.52739      81.25271       1.78954
    -152.19343      57.61769       3.12343
    -152.50138      57.73511       2.89281
    -159.75817      21.98349       2.60422
    -159.66493      22.12626       1.78397
      -3.90241      47.86575       1.16885
      13.72456      45.54811       1.98747
       5.80964      52.17843       1.57250
     -52.80597       5.25219       2.60061
     164.28734     -20.55869       1.61905
     -52.63975       5.09847       2.38776
     -52.80596       5.25218       2.39009
      70.25551     -49.35154       2.79682
      17.12503      39.07994       1.71530
      92.79383      55.99325       2.92110
      78.61906      50.71395       1.92796
     140.65767      35.95537       3.05802
     -35.57631      66.86328       1.70936
      33.96946      44.39289       3.17157
     103.13915       5.31889       2.38937
     -57.22705      74.58062       1.25097
     -37.14936      65.57933       1.49719
      78.19039      41.86353       2.88217
     102.79720      25.02954       1.92017
     -77.74544      55.27836       2.08710
      47.97149      29.32497       1.62439
     167.73024       8.72221       3.00453
     -81.75428      24.55369       2.07157
     -81.65303      24.58227       2.30525
     146.99319      -6.67371       2.07252
      -8.66838      37.09894       1.39639
     -61.16311      14.81296       2.49231
      20.66994      53.89240       1.27217
      12.60566      35.49977       1.40557
     133.21276     -15.57316       1.87191
     177.44658     -17.60881       2.02818
      80.95589      26.91244       1.67649
     159.07852     -31.54146       1.92448
    -118.32175      34.13460       2.02455
     -85.03119       9.94537       2.32177
      91.10399      29.65734       2.50111
      34.86631      31.37782       1.64797
      91.10403      29.65733       2.21360
     -65.59525     -38.00266       2.02931
    -159.33925      21.98456       3.08506
      -3.01823      53.44970       3.01717
     -95.14575      29.91346       2.78050
     -57.85074     -51.69841       2.16880
       1.97305      42.47813       2.28479
     -60.99618      14.59482       2.04526
     -97.48074      36.68545       1.29682
     159.06120     -31.51989       1.78791
       1.75020      52.47323       1.53778
     -17.89383      28.76387       1.81875
    -110.31935      24.13880       1.36535
     -57.93230     -34.90675       2.08189
     167.26378     -20.91799       2.09674
      -4.76040      48.44626       1.21827
      -1.21932      46.15894       1.45034
      -1.14027      60.15405       1.90523
     -40.19805      64.43048       1.94306
     172.72222     -43.60584       4.20926
     158.93583     -54.49953       1.38494
      -4.24966      40.42916       2.40782
     168.05759     -14.96807       2.58737
     150.77002      59.57575       3.96201
     171.36452       7.11915       2.03704
      40.19414      -2.99606       1.31298
      -4.39353      36.72612       1.98608
      73.52629       4.18868       2.80919
      40.19440      -2.99591       2.25300
       2.62455      39.55263       1.79432
     -86.24899      12.14894       1.62762
     -51.09734       0.04669       1.93809
      17.25853      60.59514       1.29149
     -71.62443      10.67398       2.64020
     -65.69462      77.18704       1.09665
      37.86099     -46.87646       4.97648
       5.35379      43.27877       1.93239
     -15.63328      27.76374       1.41345
      16.70455      40.64906       1.73033
      16.70446      40.64913       1.44893
    -156.25702      20.70665       1.86257
      62.87072     -67.60477       1.59301
     -67.15887      18.21759       2.96172
      30.73788      -0.60147       1.46900
     -82.53232      27.84982       2.24946
     153.97866      24.29009       1.78194
     166.66933     -77.83835       1.33359
    -104.01499      30.68051       1.90461
     -76.45388      38.31892       1.43579
      37.21450      56.02149       1.61144
      37.22359      56.02748       2.43904
      11.64681      44.51996       1.98443
     -89.62032      20.98005       1.96321
      34.25585      36.56639       2.38343
      24.39532      60.21747       1.35089
      24.39533      60.21748       1.69846
      25.53997     -25.80502       1.82173
     -69.39792     -35.77735       2.17118
    -121.64258      37.34153       1.94870
     -80.16017      25.73281       2.17062
    -120.35139      34.03826       2.19495
      31.97284      46.97278       1.89270
     -87.88845      43.00254       1.95585
     141.13283      39.13517       2.51788
    -155.45634      19.80135       1.79912
     -87.39181      32.09026       2.65959
     -88.02410      30.22752       2.92871
      36.56971      55.11488       2.52507
      36.56952      55.11488       2.04149
     144.97534     -37.82941       2.04576
    -116.42235      32.89194       1.59576
      -1.68550      55.21279       2.47515
     -57.57130     -38.00577       2.06511
     -57.53114     -38.03560       2.60547
    -105.24920      20.67900       1.84058
     172.65470     -43.70273       1.55326
    -109.71764      23.16045       2.76506
     170.46494     -43.98570       1.63586
    -100.31291      25.71551       2.23570
      85.52122      27.69272       3.77452
     -61.68872      56.53698       1.51256
      42.04465      19.21142       1.68655
    -124.08648      49.29481       1.90063
     -81.77629      26.14864       1.99304
     -77.46226      25.05254       2.26087
     166.92555      -0.55173       2.17652
     -60.05502      -3.02292       3.11403
     -75.75134      36.18168       1.56931
     -89.61028      30.35628       2.18737
    -124.62491      48.29786       1.96967
     -47.92497     -25.02024       2.71034
      -5.54279      50.10303       1.88506
       7.22726      43.70326       1.65834
      33.39645      35.14099       1.58777
    -105.26260      39.99507       1.96881
    -105.26225      39.99543       2.54595
    -169.92707     -19.07653       1.67307
     -74.80290      39.10067       1.41551
     -74.53082      39.47452       1.35144
     -74.17770      40.74148       1.57494
       9.67212       0.35391       1.71584
     -91.57490      41.77159       1.79104
     166.44251     -22.26479       1.67208
     116.19272     -31.04874       1.34373
     -44.90106      61.63188       2.00074
     167.93883     -29.04335       1.62394
      14.98979      36.87584       1.57403
      14.98981      36.87611       2.02463
     166.41020     -22.26985       1.75465
      82.90949      55.03050       1.79165
      -0.33964      51.42098       1.40220
     174.11817     -39.18256       2.14211
     -71.32754      41.50985       1.66048
     -75.62383      45.45416       1.72048
      35.03604      30.03842       1.20305
      88.35978      69.36183       1.40889
     -77.02440      38.82075       1.74613
     166.48488     -22.22833       1.88345
      -1.43257      55.00891       3.17327
      44.50293      40.22646       1.29022
    -116.97268      32.57931       1.79366
      -1.43987      55.00742       1.81847
     103.67996       1.34580       1.86843
      30.08968      -1.94455       1.26644
      83.23544      54.84061       2.69576
      11.86531      78.92955       1.36762
      11.86509      78.92958       1.68900
     -74.01432      40.70107       1.83545
     -73.73008      40.71953       1.56828
     -96.71674      17.07834       3.81165
      11.27987      48.08617       1.82634
      11.27980      48.08618       1.53442
    -102.31516      31.87393       1.92946
    -117.04177      33.13061       1.80950
     -57.90133     -63.32108       2.36245
     -57.90139     -63.32109       2.04094
     -57.90034     -63.32072       2.65462
     -88.86248      34.09026       2.47654
      11.92552      57.39530       1.18526
       2.92229      51.22541       1.38526
       2.33494      48.83592       1.26820
      20.79405      41.12731       1.61534
      10.36776      59.73659       1.71209
     127.02403      37.07757       1.48860
      -1.51250      12.35639       1.78443
     170.51093     -45.86947       1.62039
     170.51092     -45.86950       1.75482
     -96.05488      16.51997       2.52507
    -123.72620      38.92835       1.58006
     140.85831      43.20953       1.86618
     139.48919      42.07879       1.54795
     140.85921      40.89750       1.51718
     139.70346      39.94212       1.92962
     139.54596      38.56334       1.61809
     140.96241      37.83079       1.59764
     140.24945      35.12938       2.02417
     139.61553      35.16015       1.58237
     138.28125      37.81476       1.48670
     138.50851      37.35654       1.70194
     136.90032      37.40573       1.99469
     136.14884      36.25458       1.54504
     139.13296      34.89549       2.52397
     138.76420      34.80690       1.73549
     138.32741      34.87067       1.63106
     136.82384      34.90397       1.52552
     135.19154      34.14415       1.65902
     134.31593      35.59369       1.80841
     131.60465      34.62759       1.98008
     133.24350      33.33350       1.86242
     129.84929      33.47308       1.79972
     131.66960      32.42862       1.76828
     130.19106      32.01741       3.16614
     127.82467      26.17947       1.69955
    -124.23704      40.69109       1.37991
     141.68533      45.40782       1.54532
     144.28579      44.01941       1.55392
     144.37140      42.97557       2.09368
     140.72453      41.78166       1.66580
     139.82492      34.91879       1.57394
     137.22457      36.76217       1.83471
     135.77319      33.47595       1.66362
     132.06621      34.89731       1.60970
     129.86620      32.73512       2.74051
     131.40930      31.57697       2.39128
     127.66521      26.21333       1.82364
     142.19461      27.09394       2.17522
    -122.21906      37.86390       1.86617
    -121.90541      36.62168       1.62586
    -124.25348      43.39552       1.53917
    -123.50328      48.05955       2.39593
      11.89606      45.41115       2.49024
      80.70262       7.27275       2.36772
     -64.05112     -64.77509       2.33518
    -149.57272     -17.53308       2.27752
     -75.17633      40.01316       1.80527
     -49.23095     -25.44837       2.38943
     -70.87988     -53.13695       2.12305
     148.26461     -32.99877       2.17141
      -1.93152      43.32176       1.46908
    -106.41393      31.76977       2.34004
      21.78675      38.28366       1.64013
     -95.71851      31.77827       2.06340
      98.52622      -0.03160       2.29413
      -2.45748      50.52178       1.21391
    -122.41895      37.85305       2.87450
      92.71225      11.63781       1.72080
      92.71214      11.63778       1.56978
     -87.18942      30.46902       2.19581
     -25.66276      37.74775       1.54718
      19.28153      47.78960       1.41615
     115.88525     -31.80197       1.28704
     158.60708      53.06673       1.89379
     158.65013      53.02330       1.54990
    -123.45113      48.64853       2.55646
      31.34340      29.86155       1.74735
     -90.16197      51.47981       1.92158
    -108.11893      34.30151       1.56907
     121.07773      14.63572       1.93594
    -116.45816      33.61216       1.88828
    -117.24303      32.66542       1.74564
     -34.03346      66.89773       1.12834
     -15.40761      28.14671       1.41140
      -1.11120      50.80233       1.89332
      -4.12618      50.41647       1.24305
     -85.67819      30.20459       2.35239
     147.36601      -2.04323       2.32519
     -51.11976     -30.07404       2.59855
     158.21012       6.95994       2.64532
      74.69427      42.67977       1.99107
      34.54293      49.60261       1.42764
     -70.70953      43.07102       2.41648
    -116.59086      32.61841       1.48660
      13.06609      52.37930       1.24045
     -63.89632      -8.70934       2.29014
    -122.38995      37.18709       2.36581
     -51.40853     -22.11990       2.38307
     -97.51925      34.97987       2.32075
    -114.29350      50.87135       1.88313
      28.22404     -25.74635       1.67404
       5.37271      43.27676       1.81300
     -67.04537      17.97040       2.00559
     121.04077      14.53544       1.63573
      10.45975      52.29619       1.55204
     150.91370     -34.47555       1.48688
     141.61347     -38.34440       1.58322
    -123.01872      37.99617       2.05092
    -124.25520      41.78274       1.56813
     138.48572     -35.09470       1.17227
     -67.06696      18.46298       2.23446
     -67.06684      18.46319       2.05886
    -118.40425      33.74330       2.07176
    -118.40425      33.74329       1.74706
     -52.68837      70.74040       1.47287
     -46.04776      60.71526       1.30875
     -64.03367      67.55934       1.91615
    -125.33083      50.13250       1.69372
     169.81583     -43.53166       1.75962
     -78.49361      -0.21516       1.56139
    -120.94443      39.97455       1.86596
      -6.85429      33.99810       1.28522
      34.76314      30.59761       1.70113
      32.07838     -28.79555       1.71881
    -119.72000      34.49998       2.31458
      36.89348      -1.22083       1.50438
     -80.38407      25.61410       1.70334
     -34.95152      -8.05096       2.06345
     -75.56998      39.56145       1.85578
       5.14488      50.00150       1.48366
      17.11753      54.47238       1.36482
     -94.89369      74.69082       2.34112
      55.57172     -21.20823       2.03426
     -21.95549      64.13878       1.50824
     -21.95548      64.13879       1.76941
     -77.42966      37.53790       1.56948
      24.05877      56.94862       1.38547
     -50.99396      71.84850       1.84987
     -67.75112     -53.78547       2.06311
     -67.80281      -9.96546       2.03356
     -78.65111      -1.65060       1.82790
      -6.20626      36.46427       1.63480
     163.19011     -77.03444       1.26481
     -52.95209     -22.52330       2.46612
      -3.96573      48.71844       1.80713
     -68.12578     -67.57139       2.91008
     150.79008     -23.16099       1.88369
     -65.10725     -43.29888       2.11050
     -76.70935      39.25463       1.62536
     -74.23440      40.68053       1.70855
     -66.64234      45.95014       1.57799
     137.93433     -32.47029       1.63003
      -1.80579      46.53003       3.36937
    -125.24986      71.99033       2.57565
     -83.83777      43.62864       2.13662
     -67.05778      -0.14385       2.31614
     -44.21248      -2.59346       1.77938
     -38.51236     -13.00867       2.55546
    -171.73842     -13.84921       2.41768
      98.71472       3.62161       2.46336
     167.20320     -15.44714       2.27142
     -70.66855     -33.15029       2.23192
    -121.44718      36.76530       1.53539
       9.40251      41.85833       1.94976
      -2.76981      47.52449       1.25194
    -106.39835      52.19626       1.57619
      13.64329      54.51359       1.65319
     -81.69634      32.13860       2.48349
     -38.43225     -12.93925       1.67650
      17.87921     -29.66933       1.31907
    -122.41044      37.68622       2.25273
    -123.00761      48.54619       1.97428
     -79.93800      32.78292       2.19883
     -66.83262      54.83209       1.90318
     -79.92536      32.77948       2.03365
     -78.73525      33.93993       2.00703
      -6.29580      49.91456       1.02458
    -118.48794      32.91443       1.64384
      -1.68168      43.39523       1.88907
     -21.95034      70.48533       1.31327
     -75.76232      20.01206       2.43013
    -122.30948      47.65398       1.89317
      77.01690      43.17873       2.12164
       3.69912      43.39765       1.46708
      55.47940      -4.67372       2.72176
      -6.20565      36.46435       1.23319
      25.04655      60.20019       1.34603
     -73.12496      40.91468       1.67528
     -99.18861      19.74124       2.11167
     126.95553      37.46252       2.57729
      24.96116      60.20385       1.30809
      79.87417       6.89207       2.14447
     121.20044      31.09964       1.81501
      75.31547      42.62071       1.91669
     -64.55201      46.22069       1.79103
       0.74341      51.44568       4.34211
     -74.01160      40.47149       2.05286
       0.82702      51.55479       1.13903
      18.43957     -34.18794       2.39822
    -117.25041      32.86470       1.65491
    -117.24969      32.84073       1.76564
       4.67658      45.87908       1.18885
      21.04829      64.87920       1.48431
     -95.19678      16.16843       2.23782
      55.28802     -21.19596       2.50318
     135.93695      33.57786       1.60859
      -2.02747      48.64108       1.46923
     -79.15806      35.47353       1.51651
    -119.52436      33.24787       1.78790
      23.39473      42.55609       1.64689
     -76.45389      38.31888       1.78685
      46.40057      24.91068       1.24239
     -61.66272      16.04498       3.20615
     147.93085     -42.54644       1.75292
    -118.64616      34.05934       1.95499
      16.43845      43.50664       1.58079
    -115.46586      31.04504       2.14556
      12.89135      57.71496       1.23294
     -54.39370      72.91068       1.04393
    -120.06522      34.00433       1.89931
     -38.51648     -12.97516       1.83476
     -89.11660      13.69709       2.14538
       5.59862      59.01771       1.26046
      -5.66735     -15.94253       1.61168
     -52.67830      47.59523       1.72073
     -52.67775      47.59524       1.27542
     141.84482      43.52865       1.81777
     -89.75869      38.61109       2.25397
     145.21404     -38.37518       1.40419
     -91.90331      44.30395       2.12889
     149.01005     -35.31553       1.33322
     149.01015     -35.31616       1.40953
     -64.97445      18.34009       2.90303
      24.01449      49.83559       1.35264
      73.99711      44.20813       2.50203
     153.03530     -27.48489       2.72920
      20.81046     -32.38021       1.48601
      20.81091     -32.38143       1.47139
     127.05424      37.27551       1.56451
      29.78088      60.53286       1.43759
      -3.98177      51.56556       1.17336
      -6.38895      58.20759       1.50683
     151.15038     -33.78088       1.27863
      39.58374     -69.00696       1.50201
    -117.67828      34.38185       2.05250
    -149.60619     -17.57703       1.98085
     174.76989     -36.84360       1.54055
      72.21045      42.44547       2.36574
      -0.86172       9.55426       1.63299
     -97.86403      22.27832       1.72114
      39.20792      -6.76559       2.09134
      -5.60262      36.00851       2.56967
      69.29557      41.32805       2.10315
    -149.47553     -23.34180       1.95802
      51.33409      35.69728       1.84854
      34.78090      32.06800       1.47754
     -27.15299      38.71899       2.72894
       5.21939      53.36274       1.42281
      -5.36301      35.56164       2.25819
    -125.90784      49.15414       2.08043
       6.74792      53.55743       1.49145
       8.85917      54.12174       1.83010
       8.68705      54.73051       1.27642
       7.55475      58.00638       1.70061
       7.18628      53.33677       2.12746
       7.03068      53.32717       1.71664
       8.09264      53.77171       1.40417
      15.65103      38.10832       1.95105
    -149.60645     -17.57706       1.93880
     -68.78801      76.53734       2.05270
     -68.82504      76.53705       1.26856
    -122.44760      37.89087       1.76003
     148.98000     -35.39920       1.51930
     -42.28615      62.53554       1.36049
       6.43163      51.03531       1.60139
     128.86642      71.63447       2.56270
     128.86639      71.63446       2.82782
       1.48089      43.56069       1.29198
    -105.23271      40.13093       1.99037
     -16.24115      28.47718       2.15283
     -85.37805      35.39048       2.49639
     120.98734      24.79795       2.11468
      11.99995      42.06401       1.70503
    -175.17922     -21.14471       2.10750
     -48.33068     -10.17105       1.83395
       7.66128      45.06337       3.06255
    -118.33060      33.79780       1.69384
      -6.76452      62.02330       1.65786
       1.48076      43.56077       1.65262
     147.05569     -19.26928       1.82005
      39.77556      40.99471       1.56143
    -117.80343      33.61793       1.87339
      10.31916      63.37138       1.60616
     -41.37507      64.27707       1.36762
      13.76352      45.70976       1.44150
      18.93965      69.66272       1.63246
      18.93833      69.66275       1.83700
     140.08750      36.10568       1.80233
      29.45068      40.78673       1.46820
      24.07056      35.53319       1.79506
     -65.23035     -26.84326       2.66553
    -132.99435      69.43824       2.75480
     179.19656      -8.52529       2.09933
     -94.77264      29.32787       2.46376
     -94.78930      29.28514       3.52225
    -118.44191      34.06912       2.02292
    -125.54164      48.92564       1.90183
     -70.40927     -23.67897       2.12108
    -104.40153      19.12410       2.40513
    -122.45815      37.76297       1.63326
     107.05233      47.86507       2.36805
      31.42092     -28.29312       1.58752
      -5.15937      57.89497       2.78963
     116.11203       6.03923       2.39521
     -66.64170      45.95021       1.66226
     -99.18130      19.31270       2.26026
      12.35570      43.11939       1.53521
     -86.86817      20.86850       1.73741
     -65.40764     -24.72746       2.33096
      11.87793      45.40672       1.90440
    -155.88381      20.24589       3.68265
      87.60067      43.80795       2.21969
    -118.28511      34.02395       2.02562
    -120.66109      35.31180       1.99331
    -109.68105      29.82165       1.83260
     -77.06627      38.92057       1.39986
     -76.47939      38.98335       4.92670
     -77.06623      38.91896       1.90767
     138.36204      36.13311       2.70278
      22.29762      48.63198       1.63769
      21.77064      62.96119       1.45030
      13.72418      49.13379       1.37367
      57.49704     -20.29708       1.79676
     -76.49937      37.24862       1.72043
     -77.56417      48.09706       2.16866
      -0.33765      39.48083       1.24416
     -71.63503     -33.02793       2.62434
     -71.62609     -33.02724       2.80588
    -120.56351      34.82661       2.16651
     168.31515     -17.74397       1.89111
      31.03119      70.33637       1.61241
     168.15611     -15.48254       2.28488
     -62.26923     -38.70077       2.48432
     -99.21732      36.07171       3.00527
      12.35408      45.43057       1.95665
      12.33198      45.43698       2.89423
      -2.84178     -71.67380       1.35526
      -8.81307      42.18398       1.43794
     -64.79813      17.71618       2.91355
      16.55993      64.69785       1.49415
     168.31950     -17.72889       2.27833
      -3.95198      40.44359       1.27260
     -75.68701      37.60835       1.67686
      18.36732      57.65387       1.08435
     -64.96921      18.34333       2.70043
       3.59733      51.44288       1.57169
     -64.25416     -65.24601       2.25715
    -120.61645      34.55631       2.42531
     -72.30861      18.52868       2.38817
    -118.29382      33.71264       1.49106
     -72.47757      43.28147       1.45742
       7.46425      46.92375       1.23762
     174.66278     -36.43441       1.54102
      12.10142      54.16979       1.37942
     -77.06623      38.92045       1.81524
     -77.06630      38.92057       1.46866
     174.77871     -41.27265       2.30845
     -71.49333      42.61334       1.64701
       1.13034      52.94487       1.20323
     174.80589     -41.32346       1.71001
     174.78159     -41.29044       2.19375
    -118.03117      33.97988       2.12745
    -135.22211      60.75051       2.11945
     154.22012     -79.84570       1.56723
    -116.39178      33.93476       2.00806
    -122.16781      52.23687       1.54288
      17.08943     -22.57492       1.65756
    -122.14057      37.65264       3.50416
     -92.01521      46.70506       1.99128
      18.41875      54.79676       3.17170
     -92.78191      31.89723       2.70474
     153.03527     -27.48496       1.74726
    -118.42761      33.95815       1.68404
      17.06204      51.11326       1.35111
    -122.92119      50.12654       2.33619
    -106.34983      32.40714       2.08027
       6.60451      52.91461       1.10532
      12.87890      49.14423       1.20572
      12.87893      49.14420       1.56789
      12.87891      49.14420       1.27393
      12.87863      49.14479       1.23699
      12.87894      49.14423       1.66587
      12.87890      49.14421       1.13346
     114.35726      30.53165       1.76463
     -83.10815      29.63101       1.86999
     109.22149      34.36867       2.53889
     105.68850     -10.44997       1.84422
     129.68030      62.03096       2.34081
     115.34698     -29.04655       1.71256
     115.34715     -29.04650       1.29668
     115.34697     -29.04659       1.48579
     -63.67998     -22.01710       2.28660
      -3.08863      40.52490       1.29505
    -114.48084      62.48132       1.46758
    -114.48070      62.48089       1.68750
      56.11233      22.18646       1.37847
      -5.24009       6.87056       1.27001
      34.92827      30.99157       1.19618
     142.71672      47.02974       1.53319
      28.31101     -15.42554       1.70552
      41.56507      43.78839       1.58820
       3.20823      51.33586       1.20527
    -157.92082      21.31299       2.45401
       7.46503      46.87709       1.31146
       7.46510      46.87714       1.40364
       7.46528      46.87710       1.34524
     -65.99348      18.43134       2.13052
      36.75839      55.69928       1.79541
      36.75863      55.69928       2.85064
