     139.54766      39.18556       1.74635
    -160.47676      55.34928       1.86668
    -168.06213      65.61498       2.50583
    -165.37346      64.56450       2.39449
    -176.66265      51.86415       2.14609
    -138.89881      59.34037       3.00819
    -135.22830      59.52804       2.28992
    -134.54530      58.41678       1.84476
      -2.08022      57.14401       1.81079
     -61.52754      16.26230       2.05180
      47.22921     -19.01831       1.80239
    -149.72401      60.48133       1.89346
      -8.39893      43.36438       1.47610
     -70.88659      41.74325       1.69921
     -61.08646      16.29686       2.03094
     138.64735     -34.72900       1.57164
      38.76630       9.03513       1.77924
     130.59959      31.82406       2.23575
    -131.59954      55.06907       2.55661
       8.76261      41.92746       1.62424
      -0.48123      38.33892       1.49312
    -123.48747      48.38978       1.54739
     117.81018     -34.95023       2.01571
     -88.07798      30.24917       2.16926
     -78.07137      45.95580       1.56061
     133.88552     -23.67012       1.39094
      -2.45945      36.85253       1.72019
      34.60665      31.70794       1.29536
     -62.34046      82.49429       2.38710
     167.67930     -15.41952       2.41746
       0.99433      49.85939       1.37799
    -104.52459      38.80312       1.33041
      35.87954      32.02855       1.87851
      16.13482      69.32606       3.60672
      16.00870      69.27837       1.73742
     -95.48507      29.30148       2.82425
      32.75847      39.88737       1.94750
     -76.60925      39.01029       2.22360
     -71.53205     -37.33870       2.15197
     -98.57664      29.49121       2.22258
    -118.83032      34.15744       1.64401
     -80.16220      25.73469       1.86176
     -71.49279     -16.46551       1.77249
     -71.49280     -16.46552       1.77965
      -6.78352      61.99737       1.98455
     -97.05896      27.83835       2.48394
      58.56046      56.42982       1.50727
     -14.41207      -7.95121       2.29546
     -82.54620      35.59945       1.69647
    -170.72243     -14.32610       2.48825
     174.83439     -36.60284       1.40662
     174.77042     -36.84376       1.47819
     -97.75632      30.31170       2.45537
      23.00372      40.56682       1.67507
     -68.30357     -54.83953       2.83783
    -166.54184      53.87564       2.62390
     167.09334     -15.64359       2.29280
     102.23498      51.76971       1.71076
      50.60815      26.20914       1.96671
     -68.26333      49.18683       1.72719
     -96.00234      64.31782       1.89520
     106.84891      -6.49105       2.03734
      49.81441      40.37217       1.42052
    -125.13510      48.83533       2.70571
      77.51162      13.03432       1.49344
    -119.02973      33.48045       1.46039
     -68.22169      44.39505       1.52181
    -162.70716      55.19027       3.35127
    -162.70676      55.19042       3.36809
    -126.84264      50.54428       1.93072
       3.13670      42.51532       2.50584
     -48.46255      -1.40879       2.28113
       1.40114      41.59962       1.55739
      -1.53691      43.47196       1.26726
     166.45338      68.06531       2.47534
     166.43796      68.07613       2.84149
     113.09434       3.24032       2.47473
     113.06722       3.26151       5.21668
    -135.53930      56.85449       2.40453
       2.45002       6.38466       1.37889
     115.89249      39.60860       1.72182
     116.22413      40.24533       1.97007
     168.29209     -46.58506       1.34409
    -114.71485      33.61042       1.80059
      -1.82961      49.65920       1.45346
     152.32100     -24.90822       1.98139
     -60.70111       2.84518       1.79558
      21.03534      52.47595       1.25988
     -74.08094       4.64007       1.61695
     -43.42174     -13.25556       2.00773
      17.07346      52.27696       1.36475
       6.66643      53.57891       1.39793
       6.74745      53.56364       1.65192
     -47.87787     -15.94747       1.78602
    -119.68263      48.13152       1.56675
     -38.42554      -3.87745       1.62113
     -64.69627      32.37040       1.34902
     122.20908     -18.00398       1.62389
      -4.49659      48.38049       1.65744
     -69.94658      43.88982       2.13433
       4.35922      50.79782       1.34551
       4.35856      50.79806       1.82421
      35.02298      32.77898       2.60257
      26.12574      44.46394       1.30432
      12.50002      55.73902       1.25705
     -58.51930     -34.57370       3.28044
     -77.01042       3.88202       2.17705
     145.91485     -41.05007       1.52043
     -66.16120      18.40784       2.06431
    -124.56335      42.83610       1.72782
    -124.18430      41.74560       2.15597
       8.97275      39.13591       1.44535
     -75.80733      45.58502       2.72874
       8.97276      39.13589       1.45544
     -77.14932     -12.06288       1.63491
     -90.54017      19.84443       1.89288
      -3.79806      43.47198       1.71650
    -120.43084      35.88835       1.72741
     -75.53385      10.39133       2.10091
     110.51971     -66.28336       1.60350
    -118.89666      37.64464       2.30443
      -9.41852      38.69342       1.67307
     -77.87539      34.34465       2.55699
    -118.48301      33.44577       2.16943
    -118.33381      33.31162       1.56478
     -65.77412     -28.47098       2.96635
     -52.30997       4.94877       2.68603
     142.19503      27.06753       2.08077
     142.18458      27.09558       2.43186
     -80.54523      28.46023       2.30140
     -80.54548      28.45996       1.44234
      -4.36785      40.45343       1.42318
     133.80983     -31.86667       1.52714
     -40.31945     -20.31079       2.06415
      -5.30639      35.89197       1.57541
      -5.31133      35.89605       1.65974
     -68.23265     -31.60217       2.00388
     -79.84287      32.75757       2.22708
     125.44420      43.79069       1.76386
    -176.56584     -43.95579       1.32696
     -84.46565      45.65349       2.63350
     -88.29922      18.49528       1.76811
     -81.80713      24.55048       1.90091
      -0.40770      46.13346       1.56679
     -75.08769      38.77679       2.08621
     -44.98516     -22.68715       2.25848
     -69.95005      41.67120       2.99388
    -176.61711     -43.73547       1.28616
      74.75110      42.99850       2.22878
     -94.08873      58.75908       1.73816
    -122.00843      49.15661       1.84141
    -116.66576      31.87068       1.62598
    -118.12728      34.13671       1.58841
    -159.80061     -21.20103       2.17210
     153.26654     -27.52615       1.77377
    -124.39633      40.44177       2.65463
     -86.82090      21.17465       1.60887
     169.85585     -43.66624       1.80212
     145.74309      15.22970       2.28331
       7.01573      43.55458       1.38454
      96.83397     -12.18835       1.61602
     -81.12168      34.08100       2.06697
     -73.02538     -36.84284       2.30229
     -73.02548     -36.84376       2.20747
     -70.33824     -27.38453       2.08713
     -97.44168      27.74080       2.52140
    -123.30460      44.58554       1.98855
    -117.80889      35.98234       1.89180
    -110.97188      32.22446       1.81892
       2.37412      51.02295       1.25291
     -75.71270      36.90463       2.35521
     -71.89208     -45.51434       2.72818
    -122.25652      46.84009       1.75614
      33.99098      44.41326       2.15457
     166.66824     -77.84804       1.39993
    -117.09968      34.03905       1.89174
     -64.58432      17.75690       1.52851
    -119.78481      34.02926       1.70033
      34.89019      32.48825       1.19013
     -72.04972      41.33530       1.40443
     -71.88914      41.89970       1.69857
      18.46855     -33.95144       3.62177
     -72.48794       7.89846       2.25626
     -56.06987     -15.55526       2.31247
     -65.28252      18.30744       1.95380
     100.53392      13.73592       1.76792
      40.07140      12.06612       1.99694
     127.37448      36.39943       1.57405
     -17.46510      14.68454       1.77238
     -17.43947      14.72123       1.99076
     130.89149     -12.42401       1.85312
     131.13274     -12.84370       2.03291
      77.97261     -68.57732       1.40097
      23.99264     -30.66521       1.43155
      72.37024      -7.26969       1.67831
       2.34475      50.99365       1.81996
      -2.07598      48.58993       1.20665
       1.66164       9.69206       1.53494
     -61.67766      76.35162       1.24750
     -75.52360      39.16009       1.94896
      35.39207      31.59320       1.50668
    -119.62498      49.32262       1.52933
      35.36882      31.03691       1.30593
     -95.86618      50.25881       1.45750
     140.00196     -66.66508       2.06588
     170.59717     -45.88366       1.51263
     170.62941     -45.81432       2.03878
    -122.08016      47.77410       6.74535
      23.93243      38.07855       2.49455
       0.49236      40.82089       2.01820
      -3.29479      55.92479       1.64758
      15.08208      37.51360       1.94647
    -147.11297      64.68794       2.92617
    -109.38329     -27.14821       2.75817
      34.92060      29.50928       1.47386
     -89.86761      16.91606       2.29636
      35.77065      33.18201       1.85256
     -89.94173      29.87896       4.17833
     -66.99213      44.90871       1.47070
       1.56756      50.68035       1.38308
       8.45683      55.49357       1.11103
       8.43977      55.46027       1.26930
       0.97567      42.69358       2.00358
     -64.79871      47.07340       1.54900
     121.89432     -33.87432       1.47018
     167.19192     -15.97367       2.28675
     -86.36213      13.09954       2.12777
      38.76282       9.01986       1.51630
     -85.93759      79.98895       4.02864
     -85.93992      79.98854       4.34585
     -75.87340      23.56405       1.98746
    -145.74986      60.54870       2.75118
       7.49729      43.77443       1.50251
    -149.61430     -17.55531       1.86813
    -147.49924      64.97800       2.12329
    -147.49852      64.97815       2.07028
    -171.99953     -13.83221       2.14543
     -57.87407     -51.69365       2.16886
    -123.00077      37.69721       1.94774
      -1.24883      44.64595       2.20611
       6.73257       0.33767       1.71223
      14.50354     -22.95035       1.89006
    -101.97803      54.72558       1.49306
     -80.37357      25.75460       1.58443
     160.27141     -77.53273       1.58073
     -31.12639      39.45383       1.74330
     -71.44191      42.30006       1.55994
     -61.58197      15.87533       2.31721
     -38.42561      -3.87745       2.60755
      -7.33665      54.98376       1.94588
     -66.65988      45.93351       1.79284
     -58.98050     -62.19410       3.06872
    -178.12094     -14.30781       2.98306
     162.56470     -78.92767       1.52517
    -123.95609      46.20489       2.33469
     -16.90762      32.64795       1.95799
      -8.58909      41.10602       1.48023
     -94.73681      29.32988       3.18953
     -90.30362      -0.74270       1.83848
    -134.96482     -23.13036       2.54614
      20.32294      49.03471       1.92340
      -0.00601      16.25212       1.56096
      12.24944      44.67690       1.36981
     -81.02290      31.98758       1.84876
     -81.37945      19.29295       2.23782
       8.92114      44.41939       1.54128
      11.92293      54.57443       1.18334
     102.10546       6.22619       2.97029
      -5.36499      36.14818       2.67378
      35.41648      32.47934       1.89633
     -90.30367      -0.74300       1.41688
     -76.49946      37.24854       2.41076
      30.49673      50.36418       1.78404
     -15.63427      27.76478       1.35504
     131.01557      30.55645       1.69832
     -76.82683      39.02173       1.68236
     -76.82709      39.02118       1.34434
     -76.82732      39.02052       1.36860
    -116.88925      35.42516       2.68263
      14.78562      49.91370       1.21825
    -114.17970      40.64017       1.71388
      -9.88072     -40.34883       3.50150
       6.92057      43.75474       1.44797
      15.49348      47.06713       1.21443
     -89.95730      29.26553       2.07490
      -3.50798      47.64801       1.84684
     144.86836      13.58933       2.31400
      87.17731      43.47111       1.79007
     -90.52018      14.59040       1.89909
    -118.28968      28.88406       1.86069
      -4.41182      48.44460       1.32073
    -135.69705      58.41776       2.39006
     144.80271      13.43321       1.92563
      36.09992      29.13887       2.25980
     -90.46763      30.51308       2.07152
      27.70724     -25.88696       1.61599
      27.70776     -25.88711       2.20639
    -120.68207      34.46940       2.50982
      -1.77796      49.58066       1.54838
       7.89309      54.17448       1.59607
    -110.96721      29.09255       1.78767
       0.33627      50.86731       1.49483
       0.33435      50.86748       1.55460
      11.38609      47.31290       4.10009
     115.73858     -31.82552       1.92666
    -155.05269      19.71918       1.90769
       9.96755      57.59110       1.05452
     -95.86338      35.68275       1.46197
     -63.61128      44.68355       1.56250
     142.29621     -10.59037       1.71249
    -157.86455      21.30329       2.53447
     -76.13037      38.58882       1.84713
      19.22306     -34.42463       2.00332
     147.43873     -42.80471       1.59138
       8.29339      54.75875       1.24911
     -15.19792      64.26729       1.38598
      10.15680      54.37292       1.43897
    -128.13500      50.64035       2.02359
    -117.76124      70.73630       2.06732
      -4.64207      53.31773       1.25190
    -123.07473      38.99518       2.04183
     170.10551     -43.77733       2.41154
     -61.70306      15.97961       3.05208
     -95.43299      29.77942       2.70271
      27.68698     -25.89010       1.78815
      -1.28389      51.45374       1.24751
      -6.92030      37.19998       1.56442
      92.53241      10.60951       2.13203
      78.55087      17.41726       1.41843
       1.44897      38.91125       1.45860
     -90.52747      19.85346       1.68901
    -111.11027      43.74612       1.45014
       7.63940      45.01513       1.69674
      -5.10846      33.53963       1.28196
     -58.43932     -34.57224       2.45099
    -115.03180      32.70617       1.40642
       4.55606      52.46197       1.59427
     -51.34338     -20.42778       1.92425
     -48.65572     -28.23484       2.11315
     -47.49723      -5.49177       2.01414
    -102.28420      21.85615       1.77106
    -133.52696      68.30619       1.75686
    -110.33074      24.14527       1.66998
     -68.51050      63.75596       1.31716
     -70.13171     -20.27354       1.89337
     -73.26871      -3.76735       1.75477
     104.31618      52.21902       1.78162
     104.31624      52.21902       2.41477
      44.43840      33.34141       1.54307
     -87.05583       5.54434       2.56334
    -109.34441     -27.12498       1.96511
      29.01934      41.10445       1.58317
     132.89390     -12.65885       1.90374
     132.89453     -12.66015       2.06170
     -76.78087      17.93902       2.16911
      57.76390      25.64949       2.16855
      42.10363      16.69918       1.55915
      30.09616      62.39117       1.30427
      21.03235      52.09784       1.28038
      21.03154      52.09727       1.48436
    -118.17323      34.20482       1.93769
    -118.17430      34.20158       1.60572
      35.20245      31.77115       1.92313
     -81.70148      30.48404       2.03430
      35.14506      33.02282       1.60786
     169.77516     -43.60839       2.42511
       8.41126      49.01125       1.49891
     117.09719     -20.98143       1.48727
     132.15327     -14.37600       1.62125
     132.15250     -14.37508       2.06816
      27.78078      35.95148       1.94868
      35.68828      32.99525       2.15531
     120.97774      13.98688       4.29356
    -122.89607      46.11818       2.18269
     -50.94484      66.98742       1.46694
    -151.35018      60.67508       3.34316
      70.25552     -49.35147       2.26948
      70.21793     -49.35218       3.63524
     139.48853      35.70677       1.62713
     139.48812      35.71034       1.81345
     135.04616      48.52145       1.46726
      36.23901      50.00510       1.96532
      -5.05234      58.45877       1.33372
      21.06024      67.87758       1.46018
     172.92290       1.35458       2.22782
      20.96845      67.85735       1.49685
      66.88545      39.13477       2.46214
      21.11888      55.71536       2.00737
     -63.52739      81.25271       1.63888
    -152.19343      57.61769       3.13368
    -152.50138      57.73511       2.93550
    -159.75817      21.98349       2.58339
    -159.66493      22.12626       1.75985
      -3.90241      47.86575       1.13870
      13.72456      45.54811       1.86462
       5.80964      52.17843       1.67569
     -52.80597       5.25219       2.47004
     164.28734     -20.55869       1.59691
     -52.63975       5.09847       2.26267
     -52.80596       5.25218       2.26302
      70.25551     -49.35154       2.80285
      17.12503      39.07994       1.69593
      92.79383      55.99325       2.87810
      78.61906      50.71395       1.90229
     140.65767      35.95537       3.10024
     -35.57631      66.86328       1.74904
      33.96946      44.39289       3.14677
     103.13915       5.31889       2.26926
     -57.22705      74.58062       1.22195
     -37.14936      65.57933       1.40273
      78.19039      41.86353       2.66480
     102.79720      25.02954       1.92275
     -77.74544      55.27836       2.03353
      47.97149      29.32497       1.66419
     167.73024       8.72221       2.95510
     -81.75428      24.55369       2.00609
     -81.65303      24.58227       2.24656
     146.99319      -6.67371       2.03547
      -8.66838      37.09894       1.41733
     -61.16311      14.81296       2.46197
      20.66994      53.89240       1.34001
      12.60566      35.49977       1.36067
     133.21276     -15.57316       1.75688
     177.44658     -17.60881       1.99586
      80.95589      26.91244       1.70406
     159.07852     -31.54146       1.92796
    -118.32175      34.13460       1.96879
     -85.03119       9.94537       2.22252
      91.10399      29.65734       2.62397
      34.86631      31.37782       1.64944
      91.10403      29.65733       2.30757
     -65.59525     -38.00266       2.03050
    -159.33925      21.98456       3.06493
      -3.01823      53.44970       3.06210
     -95.14575      29.91346       2.75651
     -57.85074     -51.69841       2.24027
       1.97305      42.47813       2.29710
     -60.99618      14.59482       1.96798
     -97.48074      36.68545       1.32998
     159.06120     -31.51989       1.77281
       1.75020      52.47323       1.60396
     -17.89383      28.76387       1.81662
    -110.31935      24.13880       1.33674
     -57.93230     -34.90675       2.07597
     167.26378     -20.91799       2.05479
      -4.76040      48.44626       1.23332
      -1.21932      46.15894       1.50356
      -1.14027      60.15405       1.90983
     -40.19805      64.43048       2.07508
     172.72222     -43.60584       4.18907
     158.93583     -54.49953       1.35274
      -4.24966      40.42916       2.45442
     168.05759     -14.96807       2.54662
     150.77002      59.57575       3.98592
     171.36452       7.11915       2.01370
      40.19414      -2.99606       1.37038
      -4.39353      36.72612       1.97355
      73.52629       4.18868       2.75582
      40.19440      -2.99591       2.19729
       2.62455      39.55263       1.80730
     -86.24899      12.14894       1.59592
     -51.09734       0.04669       1.90221
      17.25853      60.59514       1.32666
     -71.62443      10.67398       2.57980
     -65.69462      77.18704       1.05815
      37.86099     -46.87646       4.98944
       5.35379      43.27877       1.88924
     -15.63328      27.76374       1.41359
      16.70455      40.64906       1.76189
      16.70446      40.64913       1.46223
    -156.25702      20.70665       1.83080
      62.87072     -67.60477       1.46825
     -67.15887      18.21759       2.87843
      30.73788      -0.60147       1.43468
     -82.53232      27.84982       2.24102
     153.97866      24.29009       1.71908
     166.66933     -77.83835       1.32477
    -104.01499      30.68051       1.89269
     -76.45388      38.31892       1.39101
      37.21450      56.02149       1.51369
      37.22359      56.02748       2.56699
      11.64681      44.51996       1.96652
     -89.62032      20.98005       1.95331
      34.25585      36.56639       2.37236
      24.39532      60.21747       1.26374
      24.39533      60.21748       1.62550
      25.53997     -25.80502       1.80556
     -69.39792     -35.77735       2.14696
    -121.64258      37.34153       1.91557
     -80.16017      25.73281       2.11610
    -120.35139      34.03826       2.15521
      31.97284      46.97278       1.80995
     -87.88845      43.00254       1.87687
     141.13283      39.13517       2.45504
    -155.45634      19.80135       1.76424
     -87.39181      32.09026       2.65181
     -88.02410      30.22752       2.81612
      36.56971      55.11488       2.66626
      36.56952      55.11488       2.12132
     144.97534     -37.82941       2.07392
    -116.42235      32.89194       1.59079
      -1.68550      55.21279       2.48885
     -57.57130     -38.00577       2.04053
     -57.53114     -38.03560       2.64943
    -105.24920      20.67900       1.82298
     172.65470     -43.70273       1.54955
    -109.71764      23.16045       2.63513
     170.46494     -43.98570       1.65198
    -100.31291      25.71551       2.09195
      85.52122      27.69272       3.90978
     -61.68872      56.53698       1.47212
      42.04465      19.21142       1.53655
    -124.08648      49.29481       1.92251
     -81.77629      26.14864       1.95157
     -77.46226      25.05254       2.25296
     166.92555      -0.55173       2.15184
     -60.05502      -3.02292       3.02603
     -75.75134      36.18168       1.53354
     -89.61028      30.35628       2.15297
    -124.62491      48.29786       2.08726
     -47.92497     -25.02024       2.68451
      -5.54279      50.10303       1.89766
       7.22726      43.70326       1.61926
      33.39645      35.14099       1.59812
    -105.26260      39.99507       1.87820
    -105.26225      39.99543       2.50390
    -169.92707     -19.07653       1.64574
     -74.80290      39.10067       1.38409
     -74.53082      39.47452       1.30218
     -74.17770      40.74148       1.58642
       9.67212       0.35391       1.67768
     -91.57490      41.77159       1.76165
     166.44251     -22.26479       1.65306
     116.19272     -31.04874       1.39019
     -44.90106      61.63188       1.97443
     167.93883     -29.04335       1.59769
      14.98979      36.87584       1.55036
      14.98981      36.87611       2.08805
     166.41020     -22.26985       1.72444
      82.90949      55.03050       1.69438
      -0.33964      51.42098       1.38219
     174.11817     -39.18256       2.17173
     -71.32754      41.50985       1.66307
     -75.62383      45.45416       1.68350
      35.03604      30.03842       1.16835
      88.35978      69.36183       1.38452
     -77.02440      38.82075       1.75127
     166.48488     -22.22833       1.84424
      -1.43257      55.00891       3.21743
      44.50293      40.22646       1.27655
    -116.97268      32.57931       1.77891
      -1.43987      55.00742       1.91908
     103.67996       1.34580       1.81204
      30.08968      -1.94455       1.25255
      83.23544      54.84061       2.63262
      11.86531      78.92955       1.33802
      11.86509      78.92958       1.66534
     -74.01432      40.70107       1.79053
     -73.73008      40.71953       1.53886
     -96.71674      17.07834       3.70997
      11.27987      48.08617       1.78217
      11.27980      48.08618       1.46543
    -102.31516      31.87393       1.93154
    -117.04177      33.13061       1.78470
     -57.90133     -63.32108       2.40702
     -57.90139     -63.32109       2.07804
     -57.90034     -63.32072       2.60940
     -88.86248      34.09026       2.48472
      11.92552      57.39530       1.13083
       2.92229      51.22541       1.42272
       2.33494      48.83592       1.29288
      20.79405      41.12731       1.52943
      10.36776      59.73659       1.71730
     127.02403      37.07757       1.45406
      -1.51250      12.35639       1.73490
     170.51093     -45.86947       1.61063
     170.51092     -45.86950       1.75319
     -96.05488      16.51997       2.43363
    -123.72620      38.92835       1.59943
     140.85831      43.20953       1.86095
     139.48919      42.07879       1.51137
     140.85921      40.89750       1.49184
     139.70346      39.94212       1.92593
     139.54596      38.56334       1.59194
     140.96241      37.83079       1.56449
     140.24945      35.12938       2.01110
     139.61553      35.16015       1.53335
     138.28125      37.81476       1.47956
     138.50851      37.35654       1.64389
     136.90032      37.40573       1.98316
     136.14884      36.25458       1.51005
     139.13296      34.89549       2.51184
     138.76420      34.80690       1.64924
     138.32741      34.87067       1.56460
     136.82384      34.90397       1.47334
     135.19154      34.14415       1.62634
     134.31593      35.59369       1.76442
     131.60465      34.62759       1.91007
     133.24350      33.33350       1.77139
     129.84929      33.47308       1.72957
     131.66960      32.42862       1.78300
     130.19106      32.01741       3.10280
     127.82467      26.17947       1.67296
    -124.23704      40.69109       1.36240
     141.68533      45.40782       1.49710
     144.28579      44.01941       1.48904
     144.37140      42.97557       2.02855
     140.72453      41.78166       1.61534
     139.82492      34.91879       1.51985
     137.22457      36.76217       1.85977
     135.77319      33.47595       1.58282
     132.06621      34.89731       1.55948
     129.86620      32.73512       2.73594
     131.40930      31.57697       2.32033
     127.66521      26.21333       1.74509
     142.19461      27.09394       2.14436
    -122.21906      37.86390       1.86284
    -121.90541      36.62168       1.59093
    -124.25348      43.39552       1.50238
    -123.50328      48.05955       2.24304
      11.89606      45.41115       2.59791
      80.70262       7.27275       2.35550
     -64.05112     -64.77509       2.41338
    -149.57272     -17.53308       2.23447
     -75.17633      40.01316       1.77172
     -49.23095     -25.44837       2.37870
     -70.87988     -53.13695       2.16704
     148.26461     -32.99877       2.15114
      -1.93152      43.32176       1.43209
    -106.41393      31.76977       2.35259
      21.78675      38.28366       1.61384
     -95.71851      31.77827       2.09666
      98.52622      -0.03160       2.21146
      -2.45748      50.52178       1.14586
    -122.41895      37.85305       2.89519
      92.71225      11.63781       1.68683
      92.71214      11.63778       1.50475
     -87.18942      30.46902       2.16678
     -25.66276      37.74775       1.55802
      19.28153      47.78960       1.39181
     115.88525     -31.80197       1.33469
     158.60708      53.06673       1.87529
     158.65013      53.02330       1.54745
    -123.45113      48.64853       2.59154
      31.34340      29.86155       1.79814
     -90.16197      51.47981       1.86528
    -108.11893      34.30151       1.58940
     121.07773      14.63572       1.85533
    -116.45816      33.61216       1.79733
    -117.24303      32.66542       1.68607
     -34.03346      66.89773       1.05127
     -15.40761      28.14671       1.39516
      -1.11120      50.80233       2.06238
      -4.12618      50.41647       1.18639
     -85.67819      30.20459       2.28964
     147.36601      -2.04323       2.28810
     -51.11976     -30.07404       2.58471
     158.21012       6.95994       2.63194
      74.69427      42.67977       1.76699
      34.54293      49.60261       1.35328
     -70.70953      43.07102       2.44139
    -116.59086      32.61841       1.45512
      13.06609      52.37930       1.25050
     -63.89632      -8.70934       2.34448
    -122.38995      37.18709       2.33066
     -51.40853     -22.11990       2.34135
     -97.51925      34.97987       2.36764
    -114.29350      50.87135       1.85146
      28.22404     -25.74635       1.66354
       5.37271      43.27676       1.68271
     -67.04537      17.97040       1.95426
     121.04077      14.53544       1.52198
      10.45975      52.29619       1.53003
     150.91370     -34.47555       1.47127
     141.61347     -38.34440       1.59401
    -123.01872      37.99617       2.05738
    -124.25520      41.78274       1.56007
     138.48572     -35.09470       1.18960
     -67.06696      18.46298       2.19764
     -67.06684      18.46319       2.06791
    -118.40425      33.74330       2.01816
    -118.40425      33.74329       1.71540
     -52.68837      70.74040       1.49454
     -46.04776      60.71526       1.17607
     -64.03367      67.55934       1.91170
    -125.33083      50.13250       1.65083
     169.81583     -43.53166       1.77556
     -78.49361      -0.21516       1.44389
    -120.94443      39.97455       1.82063
      -6.85429      33.99810       1.28806
      34.76314      30.59761       1.69175
      32.07838     -28.79555       1.74672
    -119.72000      34.49998       2.30228
      36.89348      -1.22083       1.51307
     -80.38407      25.61410       1.62662
     -34.95152      -8.05096       2.05275
     -75.56998      39.56145       1.82755
       5.14488      50.00150       1.42472
      17.11753      54.47238       1.33805
     -94.89369      74.69082       2.28212
      55.57172     -21.20823       2.02048
     -21.95549      64.13878       1.53563
     -21.95548      64.13879       1.76672
     -77.42966      37.53790       1.57258
      24.05877      56.94862       1.47953
     -50.99396      71.84850       1.84208
     -67.75112     -53.78547       2.11421
     -67.80281      -9.96546       2.01680
     -78.65111      -1.65060       1.76865
      -6.20626      36.46427       1.60606
     163.19011     -77.03444       1.27792
     -52.95209     -22.52330       2.44530
      -3.96573      48.71844       1.83431
     -68.12578     -67.57139       3.02954
     150.79008     -23.16099       1.81421
     -65.10725     -43.29888       2.13586
     -76.70935      39.25463       1.63427
     -74.23440      40.68053       1.67594
     -66.64234      45.95014       1.51844
     137.93433     -32.47029       1.64496
      -1.80579      46.53003       3.29732
    -125.24986      71.99033       2.51887
     -83.83777      43.62864       2.08057
     -67.05778      -0.14385       2.22883
     -44.21248      -2.59346       1.70367
     -38.51236     -13.00867       2.53624
    -171.73842     -13.84921       2.38765
      98.71472       3.62161       2.43986
     167.20320     -15.44714       2.24369
     -70.66855     -33.15029       2.20325
    -121.44718      36.76530       1.41348
       9.40251      41.85833       1.93232
      -2.76981      47.52449       1.23887
    -106.39835      52.19626       1.49999
      13.64329      54.51359       1.62373
     -81.69634      32.13860       2.44716
     -38.43225     -12.93925       1.68134
      17.87921     -29.66933       1.31026
    -122.41044      37.68622       2.26782
    -123.00761      48.54619       1.99255
     -79.93800      32.78292       2.14241
     -66.83262      54.83209       1.82028
     -79.92536      32.77948       1.96838
     -78.73525      33.93993       1.92608
      -6.29580      49.91456       0.99043
    -118.48794      32.91443       1.60984
      -1.68168      43.39523       1.87254
     -21.95034      70.48533       1.28657
     -75.76232      20.01206       2.37584
    -122.30948      47.65398       1.88553
      77.01690      43.17873       1.92000
       3.69912      43.39765       1.44778
      55.47940      -4.67372       2.71135
      -6.20565      36.46435       1.17964
      25.04655      60.20019       1.36220
     -73.12496      40.91468       1.65952
     -99.18861      19.74124       2.07819
     126.95553      37.46252       2.53995
      24.96116      60.20385       1.20734
      79.87417       6.89207       2.11981
     121.20044      31.09964       1.86059
      75.31547      42.62071       1.75043
     -64.55201      46.22069       1.77496
       0.74341      51.44568       4.43330
     -74.01160      40.47149       2.07918
       0.82702      51.55479       1.16406
      18.43957     -34.18794       2.37298
    -117.25041      32.86470       1.58681
    -117.24969      32.84073       1.71574
       4.67658      45.87908       1.16966
      21.04829      64.87920       1.45549
     -95.19678      16.16843       2.23248
      55.28802     -21.19596       2.51472
     135.93695      33.57786       1.50776
      -2.02747      48.64108       1.51347
     -79.15806      35.47353       1.50468
    -119.52436      33.24787       1.72337
      23.39473      42.55609       1.59361
     -76.45389      38.31888       1.77946
      46.40057      24.91068       1.21878
     -61.66272      16.04498       3.14878
     147.93085     -42.54644       1.77394
    -118.64616      34.05934       1.82316
      16.43845      43.50664       1.47762
    -115.46586      31.04504       2.09773
      12.89135      57.71496       1.21888
     -54.39370      72.91068       1.02409
    -120.06522      34.00433       1.83620
     -38.51648     -12.97516       1.83761
     -89.11660      13.69709       2.06777
       5.59862      59.01771       1.20155
      -5.66735     -15.94253       1.61292
     -52.67830      47.59523       1.73343
     -52.67775      47.59524       1.25307
     141.84482      43.52865       1.78185
     -89.75869      38.61109       2.27077
     145.21404     -38.37518       1.40429
     -91.90331      44.30395       2.17552
     149.01005     -35.31553       1.35671
     149.01015     -35.31616       1.43673
     -64.97445      18.34009       2.88640
      24.01449      49.83559       1.29275
      73.99711      44.20813       2.27663
     153.03530     -27.48489       2.68771
      20.81046     -32.38021       1.48541
      20.81091     -32.38143       1.47503
     127.05424      37.27551       1.53172
      29.78088      60.53286       1.28649
      -3.98177      51.56556       1.15433
      -6.38895      58.20759       1.54272
     151.15038     -33.78088       1.29578
      39.58374     -69.00696       1.40606
    -117.67828      34.38185       2.06056
    -149.60619     -17.57703       1.95126
     174.76989     -36.84360       1.53182
      72.21045      42.44547       2.12677
      -0.86172       9.55426       1.68648
     -97.86403      22.27832       1.67990
      39.20792      -6.76559       2.05177
      -5.60262      36.00851       2.52486
      69.29557      41.32805       1.89821
    -149.47553     -23.34180       1.91597
      51.33409      35.69728       1.83045
      34.78090      32.06800       1.43887
     -27.15299      38.71899       2.73816
       5.21939      53.36274       1.56157
      -5.36301      35.56164       2.21142
    -125.90784      49.15414       2.06905
       6.74792      53.55743       1.58494
       8.85917      54.12174       1.91620
       8.68705      54.73051       1.27572
       7.55475      58.00638       1.61795
       7.18628      53.33677       2.25368
       7.03068      53.32717       1.76743
       8.09264      53.77171       1.44589
      15.65103      38.10832       1.90121
    -149.60645     -17.57706       1.90807
     -68.78801      76.53734       2.04709
     -68.82504      76.53705       1.25074
    -122.44760      37.89087       1.75714
     148.98000     -35.39920       1.52933
     -42.28615      62.53554       1.36534
       6.43163      51.03531       1.68582
     128.86642      71.63447       2.43973
     128.86639      71.63446       2.72053
       1.48089      43.56069       1.19492
    -105.23271      40.13093       1.92164
     -16.24115      28.47718       2.14994
     -85.37805      35.39048       2.44826
     120.98734      24.79795       1.87129
      11.99995      42.06401       1.65020
    -175.17922     -21.14471       2.08528
     -48.33068     -10.17105       1.89367
       7.66128      45.06337       3.06416
    -118.33060      33.79780       1.63780
      -6.76452      62.02330       1.66763
       1.48076      43.56077       1.69270
     147.05569     -19.26928       1.71126
      39.77556      40.99471       1.56117
    -117.80343      33.61793       1.83400
      10.31916      63.37138       1.62236
     -41.37507      64.27707       1.39782
      13.76352      45.70976       1.37401
      18.93965      69.66272       1.63981
      18.93833      69.66275       1.86094
     140.08750      36.10568       1.75216
      29.45068      40.78673       1.48432
      24.07056      35.53319       1.77694
     -65.23035     -26.84326       2.60536
    -132.99435      69.43824       2.71985
     179.19656      -8.52529       2.07484
     -94.77264      29.32787       2.39842
     -94.78930      29.28514       3.34276
    -118.44191      34.06912       1.98068
    -125.54164      48.92564       1.88906
     -70.40927     -23.67897       2.08297
    -104.40153      19.12410       2.31255
    -122.45815      37.76297       1.60035
     107.05233      47.86507       2.33898
      31.42092     -28.29312       1.58429
      -5.15937      57.89497       2.69771
     116.11203       6.03923       2.36402
     -66.64170      45.95021       1.64120
     -99.18130      19.31270       2.21245
      12.35570      43.11939       1.46892
     -86.86817      20.86850       1.69467
     -65.40764     -24.72746       2.27512
      11.87793      45.40672       2.04290
    -155.88381      20.24589       3.65858
      87.60067      43.80795       2.20850
    -118.28511      34.02395       1.97840
    -120.66109      35.31180       1.95717
    -109.68105      29.82165       1.81188
     -77.06627      38.92057       1.39014
     -76.47939      38.98335       4.94596
     -77.06623      38.91896       1.89250
     138.36204      36.13311       2.68548
      22.29762      48.63198       1.62368
      21.77064      62.96119       1.49355
      13.72418      49.13379       1.42777
      57.49704     -20.29708       1.78446
     -76.49937      37.24862       1.65552
     -77.56417      48.09706       2.15868
      -0.33765      39.48083       1.16509
     -71.63503     -33.02793       2.58747
     -71.62609     -33.02724       2.76041
    -120.56351      34.82661       2.15036
     168.31515     -17.74397       1.86371
      31.03119      70.33637       1.59567
     168.15611     -15.48254       2.24782
     -62.26923     -38.70077       2.49491
     -99.21732      36.07171       3.00819
      12.35408      45.43057       1.90238
      12.33198      45.43698       3.01159
      -2.84178     -71.67380       1.39460
      -8.81307      42.18398       1.47027
     -64.79813      17.71618       2.87546
      16.55993      64.69785       1.48557
     168.31950     -17.72889       2.25049
      -3.95198      40.44359       1.22284
     -75.68701      37.60835       1.66304
      18.36732      57.65387       1.10382
     -64.96921      18.34333       2.69861
       3.59733      51.44288       1.66061
     -64.25416     -65.24601       2.35909
    -120.61645      34.55631       2.41827
     -72.30861      18.52868       2.39762
    -118.29382      33.71264       1.43999
     -72.47757      43.28147       1.40833
       7.46425      46.92375       1.17029
     174.66278     -36.43441       1.52765
      12.10142      54.16979       1.33639
     -77.06623      38.92045       1.84467
     -77.06630      38.92057       1.47813
     174.77871     -41.27265       2.28850
     -71.49333      42.61334       1.63089
       1.13034      52.94487       1.28071
     174.80589     -41.32346       1.70111
     174.78159     -41.29044       2.18615
    -118.03117      33.97988       2.10207
    -135.22211      60.75051       2.16196
     154.22012     -79.84570       1.53337
    -116.39178      33.93476       2.01284
    -122.16781      52.23687       1.49694
      17.08943     -22.57492       1.66250
    -122.14057      37.65264       3.38597
     -92.01521      46.70506       2.01732
      18.41875      54.79676       3.33229
     -92.78191      31.89723       2.71103
     153.03527     -27.48496       1.70771
    -118.42761      33.95815       1.62826
      17.06204      51.11326       1.35007
    -122.92119      50.12654       2.26913
    -106.34983      32.40714       2.14383
       6.60451      52.91461       1.25148
      12.87890      49.14423       1.24220
      12.87893      49.14420       1.56296
      12.87891      49.14420       1.26554
      12.87863      49.14479       1.21406
      12.87894      49.14423       1.67515
      12.87890      49.14421       1.13364
     114.35726      30.53165       1.79228
     -83.10815      29.63101       1.83266
     109.22149      34.36867       2.59190
     105.68850     -10.44997       1.83350
     129.68030      62.03096       2.31438
     115.34698     -29.04655       1.77331
     115.34715     -29.04650       1.36584
     115.34697     -29.04659       1.54913
     -63.67998     -22.01710       2.19707
      -3.08863      40.52490       1.32175
    -114.48084      62.48132       1.43289
    -114.48070      62.48089       1.64643
      56.11233      22.18646       1.32879
      -5.24009       6.87056       1.20917
      34.92827      30.99157       1.14936
     142.71672      47.02974       1.47560
      28.31101     -15.42554       1.65333
      41.56507      43.78839       1.53294
       3.20823      51.33586       1.25281
    -157.92082      21.31299       2.45626
       7.46503      46.87709       1.27396
       7.46510      46.87714       1.41710
       7.46528      46.87710       1.34544
     -65.99348      18.43134       2.11516
      36.75839      55.69928       1.78045
      36.75863      55.69928       2.92000
