     139.54766      39.18556       1.74256
    -160.47676      55.34928       1.84971
    -168.06213      65.61498       2.48877
    -165.37346      64.56450       2.38016
    -176.66265      51.86415       2.13991
    -138.89881      59.34037       3.00899
    -135.22830      59.52804       2.25485
    -134.54530      58.41678       1.84068
      -2.08022      57.14401       1.80543
     -61.52754      16.26230       2.03705
      47.22921     -19.01831       1.80392
    -149.72401      60.48133       1.88450
      -8.39893      43.36438       1.47028
     -70.88659      41.74325       1.69120
     -61.08646      16.29686       2.01892
     138.64735     -34.72900       1.55027
      38.76630       9.03513       1.78633
     130.59959      31.82406       2.22945
    -131.59954      55.06907       2.53492
       8.76261      41.92746       1.61913
      -0.48123      38.33892       1.48408
    -123.48747      48.38978       1.53409
     117.81018     -34.95023       1.99371
     -88.07798      30.24917       2.15004
     -78.07137      45.95580       1.54419
     133.88552     -23.67012       1.37971
      -2.45945      36.85253       1.71036
      34.60665      31.70794       1.29097
     -62.34046      82.49429       2.38969
     167.67930     -15.41952       2.40511
       0.99433      49.85939       1.37188
    -104.52459      38.80312       1.33708
      35.87954      32.02855       1.88118
      16.13482      69.32606       3.59902
      16.00870      69.27837       1.73822
     -95.48507      29.30148       2.82378
      32.75847      39.88737       1.95066
     -76.60925      39.01029       2.21265
     -71.53205     -37.33870       2.14351
     -98.57664      29.49121       2.21970
    -118.83032      34.15744       1.62968
     -80.16220      25.73469       1.85136
     -71.49279     -16.46551       1.76672
     -71.49280     -16.46552       1.76767
      -6.78352      61.99737       1.97185
     -97.05896      27.83835       2.47546
      58.56046      56.42982       1.50337
     -14.41207      -7.95121       2.28600
     -82.54620      35.59945       1.68083
    -170.72243     -14.32610       2.47359
     174.83439     -36.60284       1.39480
     174.77042     -36.84376       1.47827
     -97.75632      30.31170       2.43584
      23.00372      40.56682       1.67445
     -68.30357     -54.83953       2.83557
    -166.54184      53.87564       2.61271
     167.09334     -15.64359       2.27840
     102.23498      51.76971       1.70989
      50.60815      26.20914       1.96903
     -68.26333      49.18683       1.71828
     -96.00234      64.31782       1.91093
     106.84891      -6.49105       2.02976
      49.81441      40.37217       1.41790
    -125.13510      48.83533       2.68500
      77.51162      13.03432       1.49362
    -119.02973      33.48045       1.44427
     -68.22169      44.39505       1.50731
    -162.70716      55.19027       3.33255
    -162.70676      55.19042       3.34930
    -126.84264      50.54428       1.91839
       3.13670      42.51532       2.50965
     -48.46255      -1.40879       2.26490
       1.40114      41.59962       1.54868
      -1.53691      43.47196       1.26033
     166.45338      68.06531       2.46688
     166.43796      68.07613       2.82682
     113.09434       3.24032       2.47089
     113.06722       3.26151       5.21017
    -135.53930      56.85449       2.37684
       2.45002       6.38466       1.37541
     115.89249      39.60860       1.71861
     116.22413      40.24533       1.95851
     168.29209     -46.58506       1.33658
    -114.71485      33.61042       1.78375
      -1.82961      49.65920       1.45402
     152.32100     -24.90822       1.97323
     -60.70111       2.84518       1.77358
      21.03534      52.47595       1.25629
     -74.08094       4.64007       1.59617
     -43.42174     -13.25556       2.00390
      17.07346      52.27696       1.35984
       6.66643      53.57891       1.38505
       6.74745      53.56364       1.64586
     -47.87787     -15.94747       1.77692
    -119.68263      48.13152       1.55092
     -38.42554      -3.87745       1.60374
     -64.69627      32.37040       1.33166
     122.20908     -18.00398       1.60559
      -4.49659      48.38049       1.65334
     -69.94658      43.88982       2.09939
       4.35922      50.79782       1.34190
       4.35856      50.79806       1.81641
      35.02298      32.77898       2.59310
      26.12574      44.46394       1.30220
      12.50002      55.73902       1.24740
     -58.51930     -34.57370       3.27177
     -77.01042       3.88202       2.16739
     145.91485     -41.05007       1.54246
     -66.16120      18.40784       2.06095
    -124.56335      42.83610       1.69855
    -124.18430      41.74560       2.12332
       8.97275      39.13591       1.44228
     -75.80733      45.58502       2.73452
       8.97276      39.13589       1.45353
     -77.14932     -12.06288       1.61907
     -90.54017      19.84443       1.88206
      -3.79806      43.47198       1.71357
    -120.43084      35.88835       1.69559
     -75.53385      10.39133       2.08254
     110.51971     -66.28336       1.56099
    -118.89666      37.64464       2.29777
      -9.41852      38.69342       1.66031
     -77.87539      34.34465       2.53554
    -118.48301      33.44577       2.15811
    -118.33381      33.31162       1.54840
     -65.77412     -28.47098       2.96229
     -52.30997       4.94877       2.67118
     142.19503      27.06753       2.07568
     142.18458      27.09558       2.42748
     -80.54523      28.46023       2.29365
     -80.54548      28.45996       1.43916
      -4.36785      40.45343       1.41981
     133.80983     -31.86667       1.50143
     -40.31945     -20.31079       2.06636
      -5.30639      35.89197       1.57359
      -5.31133      35.89605       1.65223
     -68.23265     -31.60217       1.99859
     -79.84287      32.75757       2.21016
     125.44420      43.79069       1.76167
    -176.56584     -43.95579       1.32526
     -84.46565      45.65349       2.62640
     -88.29922      18.49528       1.76839
     -81.80713      24.55048       1.88606
      -0.40770      46.13346       1.57191
     -75.08769      38.77679       2.06176
     -44.98516     -22.68715       2.25375
     -69.95005      41.67120       2.98080
    -176.61711     -43.73547       1.27411
      74.75110      42.99850       2.21758
     -94.08873      58.75908       1.70825
    -122.00843      49.15661       1.81885
    -116.66576      31.87068       1.59979
    -118.12728      34.13671       1.58941
    -159.80061     -21.20103       2.16466
     153.26654     -27.52615       1.75790
    -124.39633      40.44177       2.62272
     -86.82090      21.17465       1.60544
     169.85585     -43.66624       1.79332
     145.74309      15.22970       2.27404
       7.01573      43.55458       1.37948
      96.83397     -12.18835       1.60094
     -81.12168      34.08100       2.05715
     -73.02538     -36.84284       2.28990
     -73.02548     -36.84376       2.19957
     -70.33824     -27.38453       2.07923
     -97.44168      27.74080       2.50025
    -123.30460      44.58554       1.96014
    -117.80889      35.98234       1.88533
    -110.97188      32.22446       1.79452
       2.37412      51.02295       1.24865
     -75.71270      36.90463       2.33998
     -71.89208     -45.51434       2.72119
    -122.25652      46.84009       1.73894
      33.99098      44.41326       2.15493
     166.66824     -77.84804       1.39316
    -117.09968      34.03905       1.81639
     -64.58432      17.75690       1.51683
    -119.78481      34.02926       1.68675
      34.89019      32.48825       1.18451
     -72.04972      41.33530       1.39615
     -71.88914      41.89970       1.67960
      18.46855     -33.95144       3.59486
     -72.48794       7.89846       2.26001
     -56.06987     -15.55526       2.31686
     -65.28252      18.30744       1.95377
     100.53392      13.73592       1.75808
      40.07140      12.06612       1.99661
     127.37448      36.39943       1.56988
     -17.46510      14.68454       1.75633
     -17.43947      14.72123       1.97653
     130.89149     -12.42401       1.83838
     131.13274     -12.84370       2.01885
      77.97261     -68.57732       1.35157
      23.99264     -30.66521       1.41450
      72.37024      -7.26969       1.67446
       2.34475      50.99365       1.81212
      -2.07598      48.58993       1.21244
       1.66164       9.69206       1.53283
     -61.67766      76.35162       1.23551
     -75.52360      39.16009       1.94846
      35.39207      31.59320       1.50452
    -119.62498      49.32262       1.51389
      35.36882      31.03691       1.30450
     -95.86618      50.25881       1.45118
     140.00196     -66.66508       2.05013
     170.59717     -45.88366       1.50078
     170.62941     -45.81432       2.03803
    -122.08016      47.77410       6.70800
      23.93243      38.07855       2.49322
       0.49236      40.82089       2.01799
      -3.29479      55.92479       1.64766
      15.08208      37.51360       1.94183
    -147.11297      64.68794       2.90090
    -109.38329     -27.14821       2.75194
      34.92060      29.50928       1.47287
     -89.86761      16.91606       2.28802
      35.77065      33.18201       1.85092
     -89.94173      29.87896       4.16697
     -66.99213      44.90871       1.45853
       1.56756      50.68035       1.37218
       8.45683      55.49357       1.10444
       8.43977      55.46027       1.26261
       0.97567      42.69358       1.99980
     -64.79871      47.07340       1.54628
     121.89432     -33.87432       1.43774
     167.19192     -15.97367       2.27527
     -86.36213      13.09954       2.11153
      38.76282       9.01986       1.51130
     -85.93759      79.98895       4.03862
     -85.93992      79.98854       4.33484
     -75.87340      23.56405       1.97491
    -145.74986      60.54870       2.73923
       7.49729      43.77443       1.49800
    -149.61430     -17.55531       1.86071
    -147.49924      64.97800       2.09632
    -147.49852      64.97815       2.05597
    -171.99953     -13.83221       2.14226
     -57.87407     -51.69365       2.15898
    -123.00077      37.69721       1.92144
      -1.24883      44.64595       2.20570
       6.73257       0.33767       1.70838
      14.50354     -22.95035       1.89824
    -101.97803      54.72558       1.48081
     -80.37357      25.75460       1.56287
     160.27141     -77.53273       1.57029
     -31.12639      39.45383       1.73462
     -71.44191      42.30006       1.55130
     -61.58197      15.87533       2.30515
     -38.42561      -3.87745       2.59847
      -7.33665      54.98376       1.94453
     -66.65988      45.93351       1.79361
     -58.98050     -62.19410       3.06839
    -178.12094     -14.30781       2.97363
     162.56470     -78.92767       1.51718
    -123.95609      46.20489       2.29619
     -16.90762      32.64795       1.95626
      -8.58909      41.10602       1.47858
     -94.73681      29.32988       3.16361
     -90.30362      -0.74270       1.81551
    -134.96482     -23.13036       2.54171
      20.32294      49.03471       1.92382
      -0.00601      16.25212       1.56113
      12.24944      44.67690       1.36862
     -81.02290      31.98758       1.84404
     -81.37945      19.29295       2.23184
       8.92114      44.41939       1.53712
      11.92293      54.57443       1.17554
     102.10546       6.22619       2.96416
      -5.36499      36.14818       2.67145
      35.41648      32.47934       1.89370
     -90.30367      -0.74300       1.40042
     -76.49946      37.24854       2.39345
      30.49673      50.36418       1.78618
     -15.63427      27.76478       1.34442
     131.01557      30.55645       1.69310
     -76.82683      39.02173       1.67610
     -76.82709      39.02118       1.33661
     -76.82732      39.02052       1.36199
    -116.88925      35.42516       2.66146
      14.78562      49.91370       1.21592
    -114.17970      40.64017       1.69304
      -9.88072     -40.34883       3.49015
       6.92057      43.75474       1.44584
      15.49348      47.06713       1.21161
     -89.95730      29.26553       2.05547
      -3.50798      47.64801       1.83861
     144.86836      13.58933       2.30699
      87.17731      43.47111       1.77922
     -90.52018      14.59040       1.89129
    -118.28968      28.88406       1.83596
      -4.41182      48.44460       1.31217
    -135.69705      58.41776       2.37990
     144.80271      13.43321       1.91413
      36.09992      29.13887       2.25550
     -90.46763      30.51308       2.07435
      27.70724     -25.88696       1.61904
      27.70776     -25.88711       2.19726
    -120.68207      34.46940       2.48819
      -1.77796      49.58066       1.54235
       7.89309      54.17448       1.58273
    -110.96721      29.09255       1.76208
       0.33627      50.86731       1.48729
       0.33435      50.86748       1.55317
      11.38609      47.31290       4.09380
     115.73858     -31.82552       1.89268
    -155.05269      19.71918       1.89589
       9.96755      57.59110       1.04746
     -95.86338      35.68275       1.48476
     -63.61128      44.68355       1.55174
     142.29621     -10.59037       1.70157
    -157.86455      21.30329       2.50494
     -76.13037      38.58882       1.84814
      19.22306     -34.42463       2.01137
     147.43873     -42.80471       1.57777
       8.29339      54.75875       1.23583
     -15.19792      64.26729       1.38659
      10.15680      54.37292       1.42732
    -128.13500      50.64035       1.99455
    -117.76124      70.73630       2.06001
      -4.64207      53.31773       1.24321
    -123.07473      38.99518       2.04465
     170.10551     -43.77733       2.40753
     -61.70306      15.97961       3.04210
     -95.43299      29.77942       2.70489
      27.68698     -25.89010       1.78779
      -1.28389      51.45374       1.24947
      -6.92030      37.19998       1.55981
      92.53241      10.60951       2.12809
      78.55087      17.41726       1.41699
       1.44897      38.91125       1.44175
     -90.52747      19.85346       1.70289
    -111.11027      43.74612       1.43559
       7.63940      45.01513       1.69027
      -5.10846      33.53963       1.27070
     -58.43932     -34.57224       2.45761
    -115.03180      32.70617       1.37254
       4.55606      52.46197       1.58387
     -51.34338     -20.42778       1.93705
     -48.65572     -28.23484       2.11409
     -47.49723      -5.49177       2.02561
    -102.28420      21.85615       1.73872
    -133.52696      68.30619       1.75195
    -110.33074      24.14527       1.64166
     -68.51050      63.75596       1.32359
     -70.13171     -20.27354       1.88716
     -73.26871      -3.76735       1.75940
     104.31618      52.21902       1.78035
     104.31624      52.21902       2.41458
      44.43840      33.34141       1.54294
     -87.05583       5.54434       2.55161
    -109.34441     -27.12498       1.95908
      29.01934      41.10445       1.58345
     132.89390     -12.65885       1.89070
     132.89453     -12.66015       2.05219
     -76.78087      17.93902       2.15597
      57.76390      25.64949       2.17153
      42.10363      16.69918       1.56582
      30.09616      62.39117       1.30260
      21.03235      52.09784       1.27864
      21.03154      52.09727       1.48274
    -118.17323      34.20482       1.92556
    -118.17430      34.20158       1.59688
      35.20245      31.77115       1.92048
     -81.70148      30.48404       2.02481
      35.14506      33.02282       1.60747
     169.77516     -43.60839       2.41044
       8.41126      49.01125       1.49475
     117.09719     -20.98143       1.47234
     132.15327     -14.37600       1.60844
     132.15250     -14.37508       2.05745
      27.78078      35.95148       1.95424
      35.68828      32.99525       2.15178
     120.97774      13.98688       4.28888
    -122.89607      46.11818       2.15072
     -50.94484      66.98742       1.46246
    -151.35018      60.67508       3.33401
      70.25552     -49.35147       2.25227
      70.21793     -49.35218       3.64263
     139.48853      35.70677       1.62202
     139.48812      35.71034       1.80826
     135.04616      48.52145       1.46639
      36.23901      50.00510       1.96248
      -5.05234      58.45877       1.33612
      21.06024      67.87758       1.45930
     172.92290       1.35458       2.21719
      20.96845      67.85735       1.49583
      66.88545      39.13477       2.45741
      21.11888      55.71536       1.99735
     -63.52739      81.25271       1.63739
    -152.19343      57.61769       3.12256
    -152.50138      57.73511       2.91668
    -159.75817      21.98349       2.56725
    -159.66493      22.12626       1.74066
      -3.90241      47.86575       1.14074
      13.72456      45.54811       1.85981
       5.80964      52.17843       1.66791
     -52.80597       5.25219       2.45102
     164.28734     -20.55869       1.59188
     -52.63975       5.09847       2.23449
     -52.80596       5.25218       2.23642
      70.25551     -49.35154       2.79177
      17.12503      39.07994       1.68845
      92.79383      55.99325       2.88372
      78.61906      50.71395       1.89970
     140.65767      35.95537       3.10422
     -35.57631      66.86328       1.73919
      33.96946      44.39289       3.14806
     103.13915       5.31889       2.26181
     -57.22705      74.58062       1.22160
     -37.14936      65.57933       1.40300
      78.19039      41.86353       2.66064
     102.79720      25.02954       1.92274
     -77.74544      55.27836       2.02906
      47.97149      29.32497       1.66066
     167.73024       8.72221       2.93391
     -81.75428      24.55369       1.99314
     -81.65303      24.58227       2.22774
     146.99319      -6.67371       2.03072
      -8.66838      37.09894       1.40773
     -61.16311      14.81296       2.45652
      20.66994      53.89240       1.33561
      12.60566      35.49977       1.36117
     133.21276     -15.57316       1.74543
     177.44658     -17.60881       1.98551
      80.95589      26.91244       1.69842
     159.07852     -31.54146       1.93558
    -118.32175      34.13460       1.94544
     -85.03119       9.94537       2.20043
      91.10399      29.65734       2.66810
      34.86631      31.37782       1.65004
      91.10403      29.65733       2.34536
     -65.59525     -38.00266       2.02351
    -159.33925      21.98456       3.04935
      -3.01823      53.44970       3.05601
     -95.14575      29.91346       2.75346
     -57.85074     -51.69841       2.23845
       1.97305      42.47813       2.29065
     -60.99618      14.59482       1.94651
     -97.48074      36.68545       1.36085
     159.06120     -31.51989       1.76582
       1.75020      52.47323       1.59658
     -17.89383      28.76387       1.80563
    -110.31935      24.13880       1.32942
     -57.93230     -34.90675       2.06996
     167.26378     -20.91799       2.03899
      -4.76040      48.44626       1.23026
      -1.21932      46.15894       1.49327
      -1.14027      60.15405       1.91028
     -40.19805      64.43048       2.05128
     172.72222     -43.60584       4.16970
     158.93583     -54.49953       1.33921
      -4.24966      40.42916       2.44128
     168.05759     -14.96807       2.53042
     150.77002      59.57575       3.99076
     171.36452       7.11915       2.00402
      40.19414      -2.99606       1.37785
      -4.39353      36.72612       1.97318
      73.52629       4.18868       2.75938
      40.19440      -2.99591       2.19634
       2.62455      39.55263       1.79647
     -86.24899      12.14894       1.59097
     -51.09734       0.04669       1.89696
      17.25853      60.59514       1.32436
     -71.62443      10.67398       2.56580
     -65.69462      77.18704       1.05354
      37.86099     -46.87646       4.98234
       5.35379      43.27877       1.88624
     -15.63328      27.76374       1.39912
      16.70455      40.64906       1.75720
      16.70446      40.64913       1.45771
    -156.25702      20.70665       1.80933
      62.87072     -67.60477       1.42894
     -67.15887      18.21759       2.85231
      30.73788      -0.60147       1.43241
     -82.53232      27.84982       2.24271
     153.97866      24.29009       1.70299
     166.66933     -77.83835       1.31868
    -104.01499      30.68051       1.87801
     -76.45388      38.31892       1.38353
      37.21450      56.02149       1.50904
      37.22359      56.02748       2.56608
      11.64681      44.51996       1.96159
     -89.62032      20.98005       1.94746
      34.25585      36.56639       2.36626
      24.39532      60.21747       1.26279
      24.39533      60.21748       1.62657
      25.53997     -25.80502       1.80078
     -69.39792     -35.77735       2.13954
    -121.64258      37.34153       1.89560
     -80.16017      25.73281       2.10191
    -120.35139      34.03826       2.13889
      31.97284      46.97278       1.80678
     -87.88845      43.00254       1.85865
     141.13283      39.13517       2.45022
    -155.45634      19.80135       1.74032
     -87.39181      32.09026       2.65312
     -88.02410      30.22752       2.79552
      36.56971      55.11488       2.66197
      36.56952      55.11488       2.11814
     144.97534     -37.82941       2.05905
    -116.42235      32.89194       1.57342
      -1.68550      55.21279       2.48537
     -57.57130     -38.00577       2.03346
     -57.53114     -38.03560       2.64226
    -105.24920      20.67900       1.82111
     172.65470     -43.70273       1.54714
    -109.71764      23.16045       2.60888
     170.46494     -43.98570       1.64826
    -100.31291      25.71551       2.06005
      85.52122      27.69272       3.94263
     -61.68872      56.53698       1.45953
      42.04465      19.21142       1.53392
    -124.08648      49.29481       1.91108
     -81.77629      26.14864       1.94850
     -77.46226      25.05254       2.24760
     166.92555      -0.55173       2.14623
     -60.05502      -3.02292       3.00664
     -75.75134      36.18168       1.52491
     -89.61028      30.35628       2.15331
    -124.62491      48.29786       2.06488
     -47.92497     -25.02024       2.67745
      -5.54279      50.10303       1.89142
       7.22726      43.70326       1.61324
      33.39645      35.14099       1.59613
    -105.26260      39.99507       1.86601
    -105.26225      39.99543       2.45759
    -169.92707     -19.07653       1.63659
     -74.80290      39.10067       1.38007
     -74.53082      39.47452       1.30958
     -74.17770      40.74148       1.57696
       9.67212       0.35391       1.67411
     -91.57490      41.77159       1.75561
     166.44251     -22.26479       1.64715
     116.19272     -31.04874       1.36776
     -44.90106      61.63188       1.96278
     167.93883     -29.04335       1.58379
      14.98979      36.87584       1.54965
      14.98981      36.87611       2.07463
     166.41020     -22.26985       1.71581
      82.90949      55.03050       1.69076
      -0.33964      51.42098       1.37359
     174.11817     -39.18256       2.16829
     -71.32754      41.50985       1.64660
     -75.62383      45.45416       1.68122
      35.03604      30.03842       1.16514
      88.35978      69.36183       1.38274
     -77.02440      38.82075       1.77044
     166.48488     -22.22833       1.82634
      -1.43257      55.00891       3.20321
      44.50293      40.22646       1.28228
    -116.97268      32.57931       1.76100
      -1.43987      55.00742       1.90797
     103.67996       1.34580       1.80538
      30.08968      -1.94455       1.25429
      83.23544      54.84061       2.62981
      11.86531      78.92955       1.33977
      11.86509      78.92958       1.66734
     -74.01432      40.70107       1.77113
     -73.73008      40.71953       1.55847
     -96.71674      17.07834       3.68536
      11.27987      48.08617       1.77819
      11.27980      48.08618       1.46660
    -102.31516      31.87393       1.94060
    -117.04177      33.13061       1.76885
     -57.90133     -63.32108       2.40480
     -57.90139     -63.32109       2.07484
     -57.90034     -63.32072       2.60601
     -88.86248      34.09026       2.48237
      11.92552      57.39530       1.12755
       2.92229      51.22541       1.42404
       2.33494      48.83592       1.28925
      20.79405      41.12731       1.52837
      10.36776      59.73659       1.71299
     127.02403      37.07757       1.45138
      -1.51250      12.35639       1.73863
     170.51093     -45.86947       1.60124
     170.51092     -45.86950       1.74657
     -96.05488      16.51997       2.42028
    -123.72620      38.92835       1.57726
     140.85831      43.20953       1.85619
     139.48919      42.07879       1.50724
     140.85921      40.89750       1.48784
     139.70346      39.94212       1.92339
     139.54596      38.56334       1.58848
     140.96241      37.83079       1.56021
     140.24945      35.12938       2.00999
     139.61553      35.16015       1.52867
     138.28125      37.81476       1.47674
     138.50851      37.35654       1.63850
     136.90032      37.40573       1.98043
     136.14884      36.25458       1.50745
     139.13296      34.89549       2.50873
     138.76420      34.80690       1.64380
     138.32741      34.87067       1.55921
     136.82384      34.90397       1.46742
     135.19154      34.14415       1.62415
     134.31593      35.59369       1.76165
     131.60465      34.62759       1.90665
     133.24350      33.33350       1.76537
     129.84929      33.47308       1.72576
     131.66960      32.42862       1.78281
     130.19106      32.01741       3.09948
     127.82467      26.17947       1.66760
    -124.23704      40.69109       1.33601
     141.68533      45.40782       1.49369
     144.28579      44.01941       1.48145
     144.37140      42.97557       2.02322
     140.72453      41.78166       1.61209
     139.82492      34.91879       1.51506
     137.22457      36.76217       1.85673
     135.77319      33.47595       1.57763
     132.06621      34.89731       1.55707
     129.86620      32.73512       2.73172
     131.40930      31.57697       2.31469
     127.66521      26.21333       1.74058
     142.19461      27.09394       2.13833
    -122.21906      37.86390       1.83975
    -121.90541      36.62168       1.58694
    -124.25348      43.39552       1.46192
    -123.50328      48.05955       2.24098
      11.89606      45.41115       2.59429
      80.70262       7.27275       2.35203
     -64.05112     -64.77509       2.41300
    -149.57272     -17.53308       2.22147
     -75.17633      40.01316       1.76461
     -49.23095     -25.44837       2.37861
     -70.87988     -53.13695       2.16274
     148.26461     -32.99877       2.14646
      -1.93152      43.32176       1.42762
    -106.41393      31.76977       2.31661
      21.78675      38.28366       1.61026
     -95.71851      31.77827       2.10402
      98.52622      -0.03160       2.20538
      -2.45748      50.52178       1.14108
    -122.41895      37.85305       2.90878
      92.71225      11.63781       1.68531
      92.71214      11.63778       1.50207
     -87.18942      30.46902       2.16520
     -25.66276      37.74775       1.54816
      19.28153      47.78960       1.39105
     115.88525     -31.80197       1.31145
     158.60708      53.06673       1.87249
     158.65013      53.02330       1.54359
    -123.45113      48.64853       2.57976
      31.34340      29.86155       1.80006
     -90.16197      51.47981       1.85007
    -108.11893      34.30151       1.57330
     121.07773      14.63572       1.85122
    -116.45816      33.61216       1.78541
    -117.24303      32.66542       1.65427
     -34.03346      66.89773       1.04741
     -15.40761      28.14671       1.38613
      -1.11120      50.80233       2.05953
      -4.12618      50.41647       1.18687
     -85.67819      30.20459       2.27750
     147.36601      -2.04323       2.28311
     -51.11976     -30.07404       2.58488
     158.21012       6.95994       2.62693
      74.69427      42.67977       1.76176
      34.54293      49.60261       1.35153
     -70.70953      43.07102       2.43088
    -116.59086      32.61841       1.44439
      13.06609      52.37930       1.24885
     -63.89632      -8.70934       2.35683
    -122.38995      37.18709       2.27824
     -51.40853     -22.11990       2.33655
     -97.51925      34.97987       2.35777
    -114.29350      50.87135       1.83292
      28.22404     -25.74635       1.67319
       5.37271      43.27676       1.69008
     -67.04537      17.97040       1.94144
     121.04077      14.53544       1.51097
      10.45975      52.29619       1.53136
     150.91370     -34.47555       1.46700
     141.61347     -38.34440       1.56481
    -123.01872      37.99617       2.02332
    -124.25520      41.78274       1.53084
     138.48572     -35.09470       1.16809
     -67.06696      18.46298       2.18694
     -67.06684      18.46319       2.07616
    -118.40425      33.74330       2.00318
    -118.40425      33.74329       1.69115
     -52.68837      70.74040       1.48359
     -46.04776      60.71526       1.17479
     -64.03367      67.55934       1.90141
    -125.33083      50.13250       1.64189
     169.81583     -43.53166       1.76717
     -78.49361      -0.21516       1.42331
    -120.94443      39.97455       1.79968
      -6.85429      33.99810       1.27874
      34.76314      30.59761       1.68751
      32.07838     -28.79555       1.73586
    -119.72000      34.49998       2.29455
      36.89348      -1.22083       1.51828
     -80.38407      25.61410       1.60999
     -34.95152      -8.05096       2.05151
     -75.56998      39.56145       1.80140
       5.14488      50.00150       1.42358
      17.11753      54.47238       1.33451
     -94.89369      74.69082       2.29095
      55.57172     -21.20823       2.01329
     -21.95549      64.13878       1.52649
     -21.95548      64.13879       1.76149
     -77.42966      37.53790       1.56490
      24.05877      56.94862       1.47618
     -50.99396      71.84850       1.82734
     -67.75112     -53.78547       2.11144
     -67.80281      -9.96546       2.01510
     -78.65111      -1.65060       1.75553
      -6.20626      36.46427       1.60322
     163.19011     -77.03444       1.26497
     -52.95209     -22.52330       2.44563
      -3.96573      48.71844       1.82485
     -68.12578     -67.57139       3.03219
     150.79008     -23.16099       1.79666
     -65.10725     -43.29888       2.13390
     -76.70935      39.25463       1.62099
     -74.23440      40.68053       1.68700
     -66.64234      45.95014       1.52882
     137.93433     -32.47029       1.63946
      -1.80579      46.53003       3.29834
    -125.24986      71.99033       2.52882
     -83.83777      43.62864       2.09193
     -67.05778      -0.14385       2.21054
     -44.21248      -2.59346       1.68771
     -38.51236     -13.00867       2.53378
    -171.73842     -13.84921       2.37892
      98.71472       3.62161       2.44235
     167.20320     -15.44714       2.23645
     -70.66855     -33.15029       2.19736
    -121.44718      36.76530       1.45394
       9.40251      41.85833       1.92541
      -2.76981      47.52449       1.24219
    -106.39835      52.19626       1.46726
      13.64329      54.51359       1.61977
     -81.69634      32.13860       2.42303
     -38.43225     -12.93925       1.68336
      17.87921     -29.66933       1.30696
    -122.41044      37.68622       2.24935
    -123.00761      48.54619       1.97931
     -79.93800      32.78292       2.12083
     -66.83262      54.83209       1.82143
     -79.92536      32.77948       1.94897
     -78.73525      33.93993       1.90374
      -6.29580      49.91456       0.98266
    -118.48794      32.91443       1.58569
      -1.68168      43.39523       1.86556
     -21.95034      70.48533       1.28302
     -75.76232      20.01206       2.35813
    -122.30948      47.65398       1.85178
      77.01690      43.17873       1.91004
       3.69912      43.39765       1.44259
      55.47940      -4.67372       2.71173
      -6.20565      36.46435       1.17992
      25.04655      60.20019       1.36064
     -73.12496      40.91468       1.63956
     -99.18861      19.74124       2.06286
     126.95553      37.46252       2.53954
      24.96116      60.20385       1.20592
      79.87417       6.89207       2.11418
     121.20044      31.09964       1.85306
      75.31547      42.62071       1.74089
     -64.55201      46.22069       1.77061
       0.74341      51.44568       4.42336
     -74.01160      40.47149       2.06115
       0.82702      51.55479       1.16011
      18.43957     -34.18794       2.39555
    -117.25041      32.86470       1.55610
    -117.24969      32.84073       1.68812
       4.67658      45.87908       1.16573
      21.04829      64.87920       1.45577
     -95.19678      16.16843       2.22518
      55.28802     -21.19596       2.52721
     135.93695      33.57786       1.50205
      -2.02747      48.64108       1.50142
     -79.15806      35.47353       1.50168
    -119.52436      33.24787       1.70548
      23.39473      42.55609       1.59386
     -76.45389      38.31888       1.76769
      46.40057      24.91068       1.21562
     -61.66272      16.04498       3.13047
     147.93085     -42.54644       1.75853
    -118.64616      34.05934       1.77828
      16.43845      43.50664       1.47264
    -115.46586      31.04504       2.06770
      12.89135      57.71496       1.21521
     -54.39370      72.91068       1.01459
    -120.06522      34.00433       1.82016
     -38.51648     -12.97516       1.83906
     -89.11660      13.69709       2.05056
       5.59862      59.01771       1.19788
      -5.66735     -15.94253       1.61375
     -52.67830      47.59523       1.72125
     -52.67775      47.59524       1.24224
     141.84482      43.52865       1.77845
     -89.75869      38.61109       2.24885
     145.21404     -38.37518       1.39795
     -91.90331      44.30395       2.16643
     149.01005     -35.31553       1.35040
     149.01015     -35.31616       1.42906
     -64.97445      18.34009       2.88554
      24.01449      49.83559       1.29803
      73.99711      44.20813       2.25424
     153.03530     -27.48489       2.66656
      20.81046     -32.38021       1.48503
      20.81091     -32.38143       1.47280
     127.05424      37.27551       1.52710
      29.78088      60.53286       1.28452
      -3.98177      51.56556       1.15038
      -6.38895      58.20759       1.53989
     151.15038     -33.78088       1.28675
      39.58374     -69.00696       1.37083
    -117.67828      34.38185       2.05341
    -149.60619     -17.57703       1.94364
     174.76989     -36.84360       1.52283
      72.21045      42.44547       2.12161
      -0.86172       9.55426       1.68867
     -97.86403      22.27832       1.66828
      39.20792      -6.76559       2.05018
      -5.60262      36.00851       2.51966
      69.29557      41.32805       1.88986
    -149.47553     -23.34180       1.90128
      51.33409      35.69728       1.83749
      34.78090      32.06800       1.43945
     -27.15299      38.71899       2.72867
       5.21939      53.36274       1.54735
      -5.36301      35.56164       2.20751
    -125.90784      49.15414       2.05897
       6.74792      53.55743       1.57400
       8.85917      54.12174       1.90352
       8.68705      54.73051       1.26743
       7.55475      58.00638       1.61766
       7.18628      53.33677       2.24158
       7.03068      53.32717       1.76027
       8.09264      53.77171       1.42858
      15.65103      38.10832       1.90087
    -149.60645     -17.57706       1.89997
     -68.78801      76.53734       2.04040
     -68.82504      76.53705       1.24149
    -122.44760      37.89087       1.75289
     148.98000     -35.39920       1.52357
     -42.28615      62.53554       1.34999
       6.43163      51.03531       1.67978
     128.86642      71.63447       2.44308
     128.86639      71.63446       2.71534
       1.48089      43.56069       1.19964
    -105.23271      40.13093       1.85905
     -16.24115      28.47718       2.14160
     -85.37805      35.39048       2.40614
     120.98734      24.79795       1.86160
      11.99995      42.06401       1.63877
    -175.17922     -21.14471       2.07857
     -48.33068     -10.17105       1.90411
       7.66128      45.06337       3.06169
    -118.33060      33.79780       1.61491
      -6.76452      62.02330       1.66250
       1.48076      43.56077       1.67407
     147.05569     -19.26928       1.69893
      39.77556      40.99471       1.56069
    -117.80343      33.61793       1.80949
      10.31916      63.37138       1.61901
     -41.37507      64.27707       1.38504
      13.76352      45.70976       1.36894
      18.93965      69.66272       1.63826
      18.93833      69.66275       1.85964
     140.08750      36.10568       1.74857
      29.45068      40.78673       1.48483
      24.07056      35.53319       1.77738
     -65.23035     -26.84326       2.59913
    -132.99435      69.43824       2.71178
     179.19656      -8.52529       2.06732
     -94.77264      29.32787       2.38768
     -94.78930      29.28514       3.30036
    -118.44191      34.06912       1.95193
    -125.54164      48.92564       1.87927
     -70.40927     -23.67897       2.07700
    -104.40153      19.12410       2.29126
    -122.45815      37.76297       1.57773
     107.05233      47.86507       2.34066
      31.42092     -28.29312       1.57294
      -5.15937      57.89497       2.70948
     116.11203       6.03923       2.35944
     -66.64170      45.95021       1.62789
     -99.18130      19.31270       2.19829
      12.35570      43.11939       1.46700
     -86.86817      20.86850       1.68584
     -65.40764     -24.72746       2.26589
      11.87793      45.40672       2.03280
    -155.88381      20.24589       3.64149
      87.60067      43.80795       2.21294
    -118.28511      34.02395       1.95627
    -120.66109      35.31180       1.93902
    -109.68105      29.82165       1.78995
     -77.06627      38.92057       1.41486
     -76.47939      38.98335       4.91445
     -77.06623      38.91896       1.87326
     138.36204      36.13311       2.68855
      22.29762      48.63198       1.62271
      21.77064      62.96119       1.49224
      13.72418      49.13379       1.42741
      57.49704     -20.29708       1.77998
     -76.49937      37.24862       1.63828
     -77.56417      48.09706       2.14504
      -0.33765      39.48083       1.15859
     -71.63503     -33.02793       2.57920
     -71.62609     -33.02724       2.74959
    -120.56351      34.82661       2.13564
     168.31515     -17.74397       1.85695
      31.03119      70.33637       1.59149
     168.15611     -15.48254       2.23408
     -62.26923     -38.70077       2.48959
     -99.21732      36.07171       3.02124
      12.35408      45.43057       1.89584
      12.33198      45.43698       3.00652
      -2.84178     -71.67380       1.36459
      -8.81307      42.18398       1.46087
     -64.79813      17.71618       2.86452
      16.55993      64.69785       1.48564
     168.31950     -17.72889       2.24394
      -3.95198      40.44359       1.21862
     -75.68701      37.60835       1.66070
      18.36732      57.65387       1.10108
     -64.96921      18.34333       2.70038
       3.59733      51.44288       1.64798
     -64.25416     -65.24601       2.35883
    -120.61645      34.55631       2.41010
     -72.30861      18.52868       2.40372
    -118.29382      33.71264       1.41300
     -72.47757      43.28147       1.39770
       7.46425      46.92375       1.16833
     174.66278     -36.43441       1.51500
      12.10142      54.16979       1.33292
     -77.06623      38.92045       1.84803
     -77.06630      38.92057       1.50116
     174.77871     -41.27265       2.27519
     -71.49333      42.61334       1.61710
       1.13034      52.94487       1.27127
     174.80589     -41.32346       1.69450
     174.78159     -41.29044       2.18318
    -118.03117      33.97988       2.09044
    -135.22211      60.75051       2.13443
     154.22012     -79.84570       1.52514
    -116.39178      33.93476       2.01245
    -122.16781      52.23687       1.46605
      17.08943     -22.57492       1.66537
    -122.14057      37.65264       3.37035
     -92.01521      46.70506       1.97857
      18.41875      54.79676       3.32795
     -92.78191      31.89723       2.70056
     153.03527     -27.48496       1.68894
    -118.42761      33.95815       1.60170
      17.06204      51.11326       1.34903
    -122.92119      50.12654       2.26632
    -106.34983      32.40714       2.14147
       6.60451      52.91461       1.23816
      12.87890      49.14423       1.24044
      12.87893      49.14420       1.56130
      12.87891      49.14420       1.26245
      12.87863      49.14479       1.21261
      12.87894      49.14423       1.67409
      12.87890      49.14421       1.13104
     114.35726      30.53165       1.79152
     -83.10815      29.63101       1.82796
     109.22149      34.36867       2.59241
     105.68850     -10.44997       1.83256
     129.68030      62.03096       2.31296
     115.34698     -29.04655       1.75970
     115.34715     -29.04650       1.33321
     115.34697     -29.04659       1.52226
     -63.67998     -22.01710       2.18179
      -3.08863      40.52490       1.30966
    -114.48084      62.48132       1.42494
    -114.48070      62.48089       1.63019
      56.11233      22.18646       1.32941
      -5.24009       6.87056       1.19679
      34.92827      30.99157       1.14715
     142.71672      47.02974       1.46899
      28.31101     -15.42554       1.65075
      41.56507      43.78839       1.52485
       3.20823      51.33586       1.24917
    -157.92082      21.31299       2.46234
       7.46503      46.87709       1.26984
       7.46510      46.87714       1.41475
       7.46528      46.87710       1.33835
     -65.99348      18.43134       2.11171
      36.75839      55.69928       1.77704
      36.75863      55.69928       2.91685
