     139.54766      39.18556       6.45784
    -160.47676      55.34928       4.33088
    -168.06213      65.61498       7.83463
    -165.37346      64.56450       6.55324
    -176.66265      51.86415       4.78833
    -138.89881      59.34037      10.63335
    -135.22830      59.52804       9.84190
    -134.54530      58.41678      11.33790
      -2.08022      57.14401       4.63014
     -61.52754      16.26230       7.25159
      47.22921     -19.01831       6.27311
    -149.72401      60.48133       7.86240
      -8.39893      43.36438       5.36976
     -70.88659      41.74325       4.60146
     -61.08646      16.29686       6.97365
     138.64735     -34.72900       6.39608
      38.76630       9.03513       6.74837
     130.59959      31.82406       6.28411
    -131.59954      55.06907       7.65900
       8.76261      41.92746       4.87988
      -0.48123      38.33892       4.67682
    -123.48747      48.38978       5.63959
     117.81018     -34.95023       4.14224
     -88.07798      30.24917       5.95545
     -78.07137      45.95580       5.52875
     133.88552     -23.67012       5.78850
      -2.45945      36.85253       6.05832
      34.60665      31.70794       5.19389
     -62.34046      82.49429       6.50991
     167.67930     -15.41952       9.07398
       0.99433      49.85939       4.27249
    -104.52459      38.80312       4.21117
      35.87954      32.02855       6.29684
      16.13482      69.32606       5.21696
      16.00870      69.27837       5.22025
     -95.48507      29.30148       7.66620
      32.75847      39.88737       5.77834
     -76.60925      39.01029       5.69624
     -71.53205     -37.33870       6.85132
     -98.57664      29.49121       8.01250
    -118.83032      34.15744       5.58355
     -80.16220      25.73469       6.02193
     -71.49279     -16.46551       4.97691
     -71.49280     -16.46552       4.84869
      -6.78352      61.99737       4.00215
     -97.05896      27.83835       5.81497
      58.56046      56.42982       7.55226
     -14.41207      -7.95121       5.85658
     -82.54620      35.59945       5.51954
    -170.72243     -14.32610       7.20698
     174.83439     -36.60284       4.52561
     174.77042     -36.84376       5.10278
     -97.75632      30.31170       9.12027
      23.00372      40.56682       5.18107
     -68.30357     -54.83953       7.33411
    -166.54184      53.87564       5.28315
     167.09334     -15.64359       8.30898
     102.23498      51.76971       7.32356
      50.60815      26.20914       6.29944
     -68.26333      49.18683       5.98000
     -96.00234      64.31782       6.13920
     106.84891      -6.49105       7.01392
      49.81441      40.37217       6.89478
    -125.13510      48.83533       8.31878
      77.51162      13.03432       6.93743
    -119.02973      33.48045       4.30458
     -68.22169      44.39505       4.50987
    -162.70716      55.19027       6.74866
    -162.70676      55.19042       6.39774
    -126.84264      50.54428       6.44820
       3.13670      42.51532       5.80782
     -48.46255      -1.40879       9.88721
       1.40114      41.59962       5.31087
      -1.53691      43.47196       4.25640
     166.45338      68.06531       7.34629
     166.43796      68.07613       6.96242
     113.09434       3.24032       8.57306
     113.06722       3.26151       8.60972
    -135.53930      56.85449       6.54740
       2.45002       6.38466       5.87624
     115.89249      39.60860       6.38695
     116.22413      40.24533       7.39303
     168.29209     -46.58506       3.71771
    -114.71485      33.61042       6.13053
      -1.82961      49.65920       4.14256
     152.32100     -24.90822       6.56686
     -60.70111       2.84518      11.12963
      21.03534      52.47595       4.93495
     -74.08094       4.64007       6.31463
     -43.42174     -13.25556       8.17728
      17.07346      52.27696       5.37480
       6.66643      53.57891       5.54993
       6.74745      53.56364       5.64037
     -47.87787     -15.94747       8.89284
    -119.68263      48.13152       5.54444
     -38.42554      -3.87745       5.74865
     -64.69627      32.37040       4.29634
     122.20908     -18.00398       5.61821
      -4.49659      48.38049       4.05632
     -69.94658      43.88982       5.13342
       4.35922      50.79782       4.84676
       4.35856      50.79806       4.61904
      35.02298      32.77898       5.88386
      26.12574      44.46394       6.97414
      12.50002      55.73902       5.38153
     -58.51930     -34.57370       6.62412
     -77.01042       3.88202       7.89901
     145.91485     -41.05007       4.53580
     -66.16120      18.40784       7.06804
    -124.56335      42.83610       4.18931
    -124.18430      41.74560       4.20328
       8.97275      39.13591       5.05604
     -75.80733      45.58502       7.99261
       8.97276      39.13589       5.35024
     -77.14932     -12.06288       5.26675
     -90.54017      19.84443       6.36611
      -3.79806      43.47198       4.40682
    -120.43084      35.88835       6.03469
     -75.53385      10.39133       6.95337
     110.51971     -66.28336       5.04611
    -118.89666      37.64464       6.99996
      -9.41852      38.69342       4.26569
     -77.87539      34.34465       6.74127
    -118.48301      33.44577       4.25848
    -118.33381      33.31162       3.99473
     -65.77412     -28.47098       6.39371
     -52.30997       4.94877      10.18888
     142.19503      27.06753       6.76334
     142.18458      27.09558       6.98900
     -80.54523      28.46023       6.72955
     -80.54548      28.45996       5.39353
      -4.36785      40.45343       5.21365
     133.80983     -31.86667       4.98317
     -40.31945     -20.31079       6.94560
      -5.30639      35.89197       5.96303
      -5.31133      35.89605       6.10433
     -68.23265     -31.60217       4.60115
     -79.84287      32.75757       6.46537
     125.44420      43.79069       7.47571
    -176.56584     -43.95579       4.52453
     -84.46565      45.65349       6.40318
     -88.29922      18.49528       6.62653
     -81.80713      24.55048       5.95935
      -0.40770      46.13346       4.36884
     -75.08769      38.77679       5.48788
     -44.98516     -22.68715       7.21362
     -69.95005      41.67120       6.06451
    -176.61711     -43.73547       3.72196
      74.75110      42.99850       7.34787
     -94.08873      58.75908       5.53042
    -122.00843      49.15661       6.27836
    -116.66576      31.87068       4.30860
    -118.12728      34.13671       4.15609
    -159.80061     -21.20103       7.72603
     153.26654     -27.52615       5.50056
    -124.39633      40.44177       6.49748
     -86.82090      21.17465       5.91163
     169.85585     -43.66624       5.61231
     145.74309      15.22970       6.75288
       7.01573      43.55458       4.55480
      96.83397     -12.18835       5.46220
     -81.12168      34.08100       6.29606
     -73.02538     -36.84284       4.65827
     -73.02548     -36.84376       4.67723
     -70.33824     -27.38453       4.24026
     -97.44168      27.74080      10.10475
    -123.30460      44.58554       5.89506
    -117.80889      35.98234       5.17681
    -110.97188      32.22446       5.49875
       2.37412      51.02295       4.64830
     -75.71270      36.90463       8.69363
     -71.89208     -45.51434       5.94797
    -122.25652      46.84009       5.49343
      33.99098      44.41326       6.84911
     166.66824     -77.84804       5.94067
    -117.09968      34.03905       4.29427
     -64.58432      17.75690       6.35692
    -119.78481      34.02926       4.27419
      34.89019      32.48825       4.53218
     -72.04972      41.33530       4.43025
     -71.88914      41.89970       5.52606
      18.46855     -33.95144       6.36432
     -72.48794       7.89846       9.13124
     -56.06987     -15.55526       9.23660
     -65.28252      18.30744       6.68173
     100.53392      13.73592       8.67323
      40.07140      12.06612       6.91581
     127.37448      36.39943       5.80437
     -17.46510      14.68454       4.94510
     -17.43947      14.72123       5.68087
     130.89149     -12.42401       7.46586
     131.13274     -12.84370       7.49670
      77.97261     -68.57732       4.52798
      23.99264     -30.66521       5.13502
      72.37024      -7.26969       5.95676
       2.34475      50.99365       5.02508
      -2.07598      48.58993       4.35714
       1.66164       9.69206       7.54214
     -61.67766      76.35162       5.46581
     -75.52360      39.16009       5.37355
      35.39207      31.59320       5.85051
    -119.62498      49.32262       5.99900
      35.36882      31.03691       5.50646
     -95.86618      50.25881       5.97978
     140.00196     -66.66508       6.49625
     170.59717     -45.88366       4.01218
     170.62941     -45.81432       5.19850
    -122.08016      47.77410       8.32777
      23.93243      38.07855       6.56801
       0.49236      40.82089       6.30541
      -3.29479      55.92479       4.41072
      15.08208      37.51360       5.70305
    -147.11297      64.68794      10.28688
    -109.38329     -27.14821       9.35412
      34.92060      29.50928       6.22224
     -89.86761      16.91606       7.44122
      35.77065      33.18201       6.55216
     -89.94173      29.87896       8.75029
     -66.99213      44.90871       4.74542
       1.56756      50.68035       4.69094
       8.45683      55.49357       4.75783
       8.43977      55.46027       5.24575
       0.97567      42.69358       6.96487
     -64.79871      47.07340       4.52797
     121.89432     -33.87432       4.57961
     167.19192     -15.97367       9.88147
     -86.36213      13.09954       8.50512
      38.76282       9.01986       6.70727
     -85.93759      79.98895       6.96290
     -85.93992      79.98854       5.91726
     -75.87340      23.56405       5.96940
    -145.74986      60.54870       8.11719
       7.49729      43.77443       5.36048
    -149.61430     -17.55531       6.93506
    -147.49924      64.97800       6.86700
    -147.49852      64.97815       6.18436
    -171.99953     -13.83221       7.30357
     -57.87407     -51.69365       3.90235
    -123.00077      37.69721       5.08710
      -1.24883      44.64595       7.88353
       6.73257       0.33767       6.93838
      14.50354     -22.95035       5.75506
    -101.97803      54.72558       5.81225
     -80.37357      25.75460       5.82197
     160.27141     -77.53273       8.24793
     -31.12639      39.45383       6.77892
     -71.44191      42.30006       5.53038
     -61.58197      15.87533       8.11702
     -38.42561      -3.87745       9.65126
      -7.33665      54.98376       4.87586
     -66.65988      45.93351       6.04109
     -58.98050     -62.19410       6.06159
    -178.12094     -14.30781       8.84142
     162.56470     -78.92767       7.62138
    -123.95609      46.20489       5.38667
     -16.90762      32.64795       7.26819
      -8.58909      41.10602       4.78920
     -94.73681      29.32988       6.21393
     -90.30362      -0.74270       4.69530
    -134.96482     -23.13036       9.65243
      20.32294      49.03471       5.38417
      -0.00601      16.25212       5.00860
      12.24944      44.67690       6.03648
     -81.02290      31.98758       5.66240
     -81.37945      19.29295       6.45831
       8.92114      44.41939       5.78151
      11.92293      54.57443       5.13372
     102.10546       6.22619       8.81630
      -5.36499      36.14818       7.49063
      35.41648      32.47934       6.31765
     -90.30367      -0.74300       3.55610
     -76.49946      37.24854       5.53376
      30.49673      50.36418       6.75356
     -15.63427      27.76478       4.63449
     131.01557      30.55645       6.39421
     -76.82683      39.02173       5.36534
     -76.82709      39.02118       4.76041
     -76.82732      39.02052       4.82318
    -116.88925      35.42516       5.91416
      14.78562      49.91370       5.69142
    -114.17970      40.64017       5.02214
      -9.88072     -40.34883       9.68370
       6.92057      43.75474       4.10642
      15.49348      47.06713       5.64203
     -89.95730      29.26553       5.59349
      -3.50798      47.64801       3.82765
     144.86836      13.58933       7.66481
      87.17731      43.47111       5.04675
     -90.52018      14.59040       7.41498
    -118.28968      28.88406       4.28785
      -4.41182      48.44460       3.85558
    -135.69705      58.41776      10.25797
     144.80271      13.43321       5.85890
      36.09992      29.13887       4.88594
     -90.46763      30.51308       5.95510
      27.70724     -25.88696       5.41590
      27.70776     -25.88711       8.19989
    -120.68207      34.46940       4.68143
      -1.77796      49.58066       4.47625
       7.89309      54.17448       5.59143
    -110.96721      29.09255       4.75332
       0.33627      50.86731       4.96111
       0.33435      50.86748       4.72408
      11.38609      47.31290       6.00745
     115.73858     -31.82552       5.45994
    -155.05269      19.71918       6.51824
       9.96755      57.59110       4.47048
     -95.86338      35.68275       8.24462
     -63.61128      44.68355       4.40872
     142.29621     -10.59037       7.03462
    -157.86455      21.30329       6.42372
     -76.13037      38.58882       4.89781
      19.22306     -34.42463       5.59572
     147.43873     -42.80471       4.29506
       8.29339      54.75875       4.81926
     -15.19792      64.26729       5.43242
      10.15680      54.37292       5.29392
    -128.13500      50.64035       6.08709
    -117.76124      70.73630       5.53361
      -4.64207      53.31773       4.02884
    -123.07473      38.99518       6.40311
     170.10551     -43.77733       9.74985
     -61.70306      15.97961      11.98080
     -95.43299      29.77942      11.76643
      27.68698     -25.89010       5.53520
      -1.28389      51.45374       4.37616
      -6.92030      37.19998       4.12657
      92.53241      10.60951       8.53341
      78.55087      17.41726       6.88020
       1.44897      38.91125       4.55512
     -90.52747      19.85346       6.27429
    -111.11027      43.74612       6.48787
       7.63940      45.01513       5.61948
      -5.10846      33.53963       4.47972
     -58.43932     -34.57224       7.02068
    -115.03180      32.70617       4.48132
       4.55606      52.46197       5.63393
     -51.34338     -20.42778       8.94774
     -48.65572     -28.23484       6.92711
     -47.49723      -5.49177      10.83205
    -102.28420      21.85615       5.20291
    -133.52696      68.30619       7.64224
    -110.33074      24.14527       4.74942
     -68.51050      63.75596       5.11364
     -70.13171     -20.27354       4.83678
     -73.26871      -3.76735      11.27169
     104.31618      52.21902       6.25928
     104.31624      52.21902       8.14293
      44.43840      33.34141       6.77251
     -87.05583       5.54434       9.26048
    -109.34441     -27.12498       6.10149
      29.01934      41.10445       6.52099
     132.89390     -12.65885       6.70103
     132.89453     -12.66015       8.17906
     -76.78087      17.93902       8.54693
      57.76390      25.64949       4.84875
      42.10363      16.69918       7.08852
      30.09616      62.39117       5.54307
      21.03235      52.09784       5.89313
      21.03154      52.09727       6.38220
    -118.17323      34.20482       4.95210
    -118.17430      34.20158       4.40128
      35.20245      31.77115       6.40747
     -81.70148      30.48404       8.75901
      35.14506      33.02282       6.67815
     169.77516     -43.60839       5.15832
       8.41126      49.01125       6.85544
     117.09719     -20.98143       5.29088
     132.15327     -14.37600       7.25253
     132.15250     -14.37508       7.78012
      27.78078      35.95148       6.34139
      35.68828      32.99525       7.77909
     120.97774      13.98688      11.88147
    -122.89607      46.11818       6.18192
     -50.94484      66.98742       6.33890
    -151.35018      60.67508       7.88298
      70.25552     -49.35147       6.54928
      70.21793     -49.35218       7.46249
     139.48853      35.70677       4.84698
     139.48812      35.71034       6.07590
     135.04616      48.52145       5.65544
      36.23901      50.00510       8.55355
      -5.05234      58.45877       4.15831
      21.06024      67.87758       7.37597
     172.92290       1.35458       7.62980
      20.96845      67.85735       6.66449
      66.88545      39.13477       6.94971
      21.11888      55.71536       5.74078
     -63.52739      81.25271       6.16155
    -152.19343      57.61769       6.67376
    -152.50138      57.73511       5.65221
    -159.75817      21.98349       7.64183
    -159.66493      22.12626       5.97396
      -3.90241      47.86575       3.74904
      13.72456      45.54811       4.78740
       5.80964      52.17843       5.55937
     -52.80597       5.25219       7.85240
     164.28734     -20.55869       5.32433
     -52.63975       5.09847       8.25347
     -52.80596       5.25218       7.42859
      70.25551     -49.35154       6.58072
      17.12503      39.07994       5.35144
      92.79383      55.99325       8.96578
      78.61906      50.71395      10.21725
     140.65767      35.95537       6.82004
     -35.57631      66.86328       5.62453
      33.96946      44.39289       8.44474
     103.13915       5.31889       8.69515
     -57.22705      74.58062       5.40756
     -37.14936      65.57933       5.52876
      78.19039      41.86353       4.98128
     102.79720      25.02954       7.79729
     -77.74544      55.27836       5.82381
      47.97149      29.32497       6.46163
     167.73024       8.72221      10.10329
     -81.75428      24.55369       6.26448
     -81.65303      24.58227       6.17335
     146.99319      -6.67371       7.05575
      -8.66838      37.09894       3.72695
     -61.16311      14.81296       8.97254
      20.66994      53.89240       5.86624
      12.60566      35.49977       5.15504
     133.21276     -15.57316       6.90675
     177.44658     -17.60881       6.60993
      80.95589      26.91244      10.83897
     159.07852     -31.54146       5.41876
    -118.32175      34.13460       4.92445
     -85.03119       9.94537       7.11102
      91.10399      29.65734       6.08014
      34.86631      31.37782       5.74616
      91.10403      29.65733       5.99047
     -65.59525     -38.00266       5.52875
    -159.33925      21.98456       7.43614
      -3.01823      53.44970       4.17245
     -95.14575      29.91346       6.82969
     -57.85074     -51.69841       4.42409
       1.97305      42.47813       6.32324
     -60.99618      14.59482       7.11189
     -97.48074      36.68545       5.09845
     159.06120     -31.51989       5.37642
       1.75020      52.47323       4.99148
     -17.89383      28.76387       4.07286
    -110.31935      24.13880       4.21441
     -57.93230     -34.90675       6.74142
     167.26378     -20.91799       6.89751
      -4.76040      48.44626       3.63283
      -1.21932      46.15894       3.88669
      -1.14027      60.15405       3.81496
     -40.19805      64.43048       6.22169
     172.72222     -43.60584       5.08100
     158.93583     -54.49953       3.86742
      -4.24966      40.42916       6.48930
     168.05759     -14.96807      11.58005
     150.77002      59.57575       4.12685
     171.36452       7.11915       6.90221
      40.19414      -2.99606       4.50655
      -4.39353      36.72612       4.70915
      73.52629       4.18868       9.12505
      40.19440      -2.99591       8.48126
       2.62455      39.55263       5.65252
     -86.24899      12.14894       7.13170
     -51.09734       0.04669       9.85595
      17.25853      60.59514       5.76513
     -71.62443      10.67398      10.80474
     -65.69462      77.18704       5.68455
      37.86099     -46.87646      11.12641
       5.35379      43.27877       5.66103
     -15.63328      27.76374       3.83255
      16.70455      40.64906       5.16091
      16.70446      40.64913       4.82457
    -156.25702      20.70665       4.36017
      62.87072     -67.60477       4.52531
     -67.15887      18.21759       7.73066
      30.73788      -0.60147       4.85438
     -82.53232      27.84982       6.30148
     153.97866      24.29009       4.55547
     166.66933     -77.83835       9.52180
    -104.01499      30.68051       6.11415
     -76.45388      38.31892       5.46161
      37.21450      56.02149       6.98948
      37.22359      56.02748       8.72982
      11.64681      44.51996       5.69403
     -89.62032      20.98005       5.95405
      34.25585      36.56639       8.13037
      24.39532      60.21747       5.64419
      24.39533      60.21748       7.47991
      25.53997     -25.80502       5.24823
     -69.39792     -35.77735       4.64081
    -121.64258      37.34153       4.21286
     -80.16017      25.73281       6.13744
    -120.35139      34.03826       5.05635
      31.97284      46.97278       6.75872
     -87.88845      43.00254       6.99043
     141.13283      39.13517       5.64633
    -155.45634      19.80135       5.40987
     -87.39181      32.09026       7.38881
     -88.02410      30.22752       6.72558
      36.56971      55.11488       8.71476
      36.56952      55.11488       9.12514
     144.97534     -37.82941       4.10480
    -116.42235      32.89194       4.70502
      -1.68550      55.21279       6.13064
     -57.57130     -38.00577       5.30253
     -57.53114     -38.03560       6.83834
    -105.24920      20.67900       6.43200
     172.65470     -43.70273       4.59771
    -109.71764      23.16045       5.24335
     170.46494     -43.98570       5.92432
    -100.31291      25.71551       6.00191
      85.52122      27.69272      11.57661
     -61.68872      56.53698       4.72973
      42.04465      19.21142       5.34119
    -124.08648      49.29481       6.00843
     -81.77629      26.14864       7.02363
     -77.46226      25.05254       6.73037
     166.92555      -0.55173       6.47078
     -60.05502      -3.02292      22.81799
     -75.75134      36.18168       4.74440
     -89.61028      30.35628       6.32769
    -124.62491      48.29786       6.65543
     -47.92497     -25.02024       7.48512
      -5.54279      50.10303       4.33873
       7.22726      43.70326       4.81707
      33.39645      35.14099       5.64085
    -105.26260      39.99507       5.55094
    -105.26225      39.99543       5.49815
    -169.92707     -19.07653       5.91713
     -74.80290      39.10067       4.74092
     -74.53082      39.47452       5.32333
     -74.17770      40.74148       5.22707
       9.67212       0.35391       5.74020
     -91.57490      41.77159       6.62343
     166.44251     -22.26479       5.57971
     116.19272     -31.04874       4.62566
     -44.90106      61.63188       6.63295
     167.93883     -29.04335       5.11766
      14.98979      36.87584       5.40195
      14.98981      36.87611       5.39659
     166.41020     -22.26985       5.26231
      82.90949      55.03050      11.41450
      -0.33964      51.42098       4.20631
     174.11817     -39.18256       6.81083
     -71.32754      41.50985       4.82963
     -75.62383      45.45416       6.24612
      35.03604      30.03842       4.68998
      88.35978      69.36183       7.48737
     -77.02440      38.82075       6.62636
     166.48488     -22.22833       5.53955
      -1.43257      55.00891       4.41368
      44.50293      40.22646       5.31347
    -116.97268      32.57931       4.51635
      -1.43987      55.00742       5.24098
     103.67996       1.34580       6.43307
      30.08968      -1.94455       5.19375
      83.23544      54.84061      10.05043
      11.86531      78.92955       6.17703
      11.86509      78.92958       6.38762
     -74.01432      40.70107       5.67508
     -73.73008      40.71953       4.88036
     -96.71674      17.07834       6.47860
      11.27987      48.08617       6.37696
      11.27980      48.08618       5.52701
    -102.31516      31.87393       6.30650
    -117.04177      33.13061       4.68511
     -57.90133     -63.32108       5.95715
     -57.90139     -63.32109       5.94928
     -57.90034     -63.32072       7.81562
     -88.86248      34.09026       7.95081
      11.92552      57.39530       4.80422
       2.92229      51.22541       4.69127
       2.33494      48.83592       4.94273
      20.79405      41.12731       6.06444
      10.36776      59.73659       5.94420
     127.02403      37.07757       4.95333
      -1.51250      12.35639       6.72608
     170.51093     -45.86947       4.28878
     170.51092     -45.86950       4.85944
     -96.05488      16.51997       7.40275
    -123.72620      38.92835       3.49457
     140.85831      43.20953       7.92414
     139.48919      42.07879       5.23754
     140.85921      40.89750       5.33070
     139.70346      39.94212       4.32594
     139.54596      38.56334       5.35101
     140.96241      37.83079       4.84660
     140.24945      35.12938       5.12947
     139.61553      35.16015       6.25831
     138.28125      37.81476       4.43024
     138.50851      37.35654       4.96178
     136.90032      37.40573       6.55817
     136.14884      36.25458       4.68304
     139.13296      34.89549       7.38500
     138.76420      34.80690       6.34886
     138.32741      34.87067       5.52200
     136.82384      34.90397       5.16733
     135.19154      34.14415       5.00183
     134.31593      35.59369       4.87700
     131.60465      34.62759       4.96984
     133.24350      33.33350       5.67764
     129.84929      33.47308       5.55822
     131.66960      32.42862       5.43146
     130.19106      32.01741      10.36494
     127.82467      26.17947       5.08099
    -124.23704      40.69109       4.18227
     141.68533      45.40782       4.30288
     144.28579      44.01941       4.20254
     144.37140      42.97557       3.73282
     140.72453      41.78166       4.58672
     139.82492      34.91879       4.42559
     137.22457      36.76217       5.12904
     135.77319      33.47595       5.15405
     132.06621      34.89731       4.78736
     129.86620      32.73512       6.34353
     131.40930      31.57697       6.88571
     127.66521      26.21333       6.44259
     142.19461      27.09394       6.58767
    -122.21906      37.86390       4.22103
    -121.90541      36.62168       6.32560
    -124.25348      43.39552       4.21357
    -123.50328      48.05955       6.73879
      11.89606      45.41115       5.26194
      80.70262       7.27275      10.74056
     -64.05112     -64.77509       5.17652
    -149.57272     -17.53308       8.25743
     -75.17633      40.01316       5.68909
     -49.23095     -25.44837       6.24337
     -70.87988     -53.13695       6.25062
     148.26461     -32.99877       4.87811
      -1.93152      43.32176       4.81730
    -106.41393      31.76977       6.83391
      21.78675      38.28366       5.64542
     -95.71851      31.77827       8.51039
      98.52622      -0.03160       7.69023
      -2.45748      50.52178       3.52348
    -122.41895      37.85305       5.05215
      92.71225      11.63781       7.06484
      92.71214      11.63778       6.67326
     -87.18942      30.46902       6.01283
     -25.66276      37.74775       4.73693
      19.28153      47.78960       6.24069
     115.88525     -31.80197       5.16213
     158.60708      53.06673       5.31512
     158.65013      53.02330       5.67661
    -123.45113      48.64853       5.50677
      31.34340      29.86155       7.34987
     -90.16197      51.47981       6.39671
    -108.11893      34.30151       4.25406
     121.07773      14.63572       7.70689
    -116.45816      33.61216       5.96028
    -117.24303      32.66542       3.79742
     -34.03346      66.89773       5.31315
     -15.40761      28.14671       4.52021
      -1.11120      50.80233       4.56959
      -4.12618      50.41647       3.95685
     -85.67819      30.20459       5.67055
     147.36601      -2.04323       7.37321
     -51.11976     -30.07404       6.90385
     158.21012       6.95994       9.26682
      74.69427      42.67977       5.34956
      34.54293      49.60261       6.61281
     -70.70953      43.07102       6.17062
    -116.59086      32.61841       4.33975
      13.06609      52.37930       5.63129
     -63.89632      -8.70934      13.18759
    -122.38995      37.18709       5.55233
     -51.40853     -22.11990       7.70298
     -97.51925      34.97987       5.72403
    -114.29350      50.87135       5.53034
      28.22404     -25.74635       5.55594
       5.37271      43.27676       5.14195
     -67.04537      17.97040       6.54507
     121.04077      14.53544       5.94375
      10.45975      52.29619       5.87189
     150.91370     -34.47555       5.14036
     141.61347     -38.34440       4.27174
    -123.01872      37.99617       4.45021
    -124.25520      41.78274       4.92063
     138.48572     -35.09470       4.02742
     -67.06696      18.46298       7.45539
     -67.06684      18.46319       7.78722
    -118.40425      33.74330       4.18279
    -118.40425      33.74329       3.59672
     -52.68837      70.74040       6.29902
     -46.04776      60.71526       4.73786
     -64.03367      67.55934       4.97816
    -125.33083      50.13250       7.17576
     169.81583     -43.53166       7.50227
     -78.49361      -0.21516       5.14932
    -120.94443      39.97455       6.82156
      -6.85429      33.99810       4.39712
      34.76314      30.59761       5.32537
      32.07838     -28.79555       6.09813
    -119.72000      34.49998       4.75881
      36.89348      -1.22083       4.80496
     -80.38407      25.61410       5.78868
     -34.95152      -8.05096       6.73694
     -75.56998      39.56145       6.15889
       5.14488      50.00150       4.67627
      17.11753      54.47238       5.19576
     -94.89369      74.69082       5.03898
      55.57172     -21.20823       7.21667
     -21.95549      64.13878       4.83236
     -21.95548      64.13879       4.98360
     -77.42966      37.53790       5.96677
      24.05877      56.94862       6.49574
     -50.99396      71.84850       6.72951
     -67.75112     -53.78547       4.03970
     -67.80281      -9.96546      11.16933
     -78.65111      -1.65060       5.74432
      -6.20626      36.46427       4.74724
     163.19011     -77.03444       6.39007
     -52.95209     -22.52330       6.94974
      -3.96573      48.71844       3.93334
     -68.12578     -67.57139       6.70926
     150.79008     -23.16099       6.81121
     -65.10725     -43.29888       5.92937
     -76.70935      39.25463       5.16667
     -74.23440      40.68053       4.95955
     -66.64234      45.95014       5.06223
     137.93433     -32.47029       5.51578
      -1.80579      46.53003       5.06684
    -125.24986      71.99033       5.81777
     -83.83777      43.62864       6.91687
     -67.05778      -0.14385      10.60576
     -44.21248      -2.59346       7.80632
     -38.51236     -13.00867       7.94043
    -171.73842     -13.84921       7.91910
      98.71472       3.62161       8.96452
     167.20320     -15.44714       7.27313
     -70.66855     -33.15029       4.91181
    -121.44718      36.76530       4.10961
       9.40251      41.85833       6.40817
      -2.76981      47.52449       3.63395
    -106.39835      52.19626       5.96383
      13.64329      54.51359       6.55329
     -81.69634      32.13860       6.26125
     -38.43225     -12.93925       5.89025
      17.87921     -29.66933       4.67066
    -122.41044      37.68622       6.92892
    -123.00761      48.54619       5.79584
     -79.93800      32.78292       5.89888
     -66.83262      54.83209       5.50777
     -79.92536      32.77948       6.34436
     -78.73525      33.93993       5.56089
      -6.29580      49.91456       3.74484
    -118.48794      32.91443       4.65486
      -1.68168      43.39523       4.79032
     -21.95034      70.48533       5.15677
     -75.76232      20.01206       6.75557
    -122.30948      47.65398       6.37054
      77.01690      43.17873       6.39675
       3.69912      43.39765       4.32002
      55.47940      -4.67372       9.85836
      -6.20565      36.46435       4.14334
      25.04655      60.20019       5.72669
     -73.12496      40.91468       5.34363
     -99.18861      19.74124       6.86048
     126.95553      37.46252       7.39233
      24.96116      60.20385       5.84545
      79.87417       6.89207       6.85982
     121.20044      31.09964       6.27257
      75.31547      42.62071       6.95585
     -64.55201      46.22069       4.47730
       0.74341      51.44568       5.92210
     -74.01160      40.47149       5.47389
       0.82702      51.55479       4.05894
      18.43957     -34.18794       5.95169
    -117.25041      32.86470       4.12435
    -117.24969      32.84073       4.62393
       4.67658      45.87908       4.46290
      21.04829      64.87920       6.54576
     -95.19678      16.16843       8.64354
      55.28802     -21.19596       9.60451
     135.93695      33.57786       5.59587
      -2.02747      48.64108       4.81819
     -79.15806      35.47353       4.89807
    -119.52436      33.24787       4.75943
      23.39473      42.55609       6.79105
     -76.45389      38.31888       5.57061
      46.40057      24.91068       4.46656
     -61.66272      16.04498       9.06399
     147.93085     -42.54644       4.77362
    -118.64616      34.05934       3.95758
      16.43845      43.50664       5.34958
    -115.46586      31.04504       4.98849
      12.89135      57.71496       5.31505
     -54.39370      72.91068       5.70767
    -120.06522      34.00433       4.71738
     -38.51648     -12.97516       7.04031
     -89.11660      13.69709       6.81290
       5.59862      59.01771       4.32644
      -5.66735     -15.94253       4.90715
     -52.67830      47.59523       5.86610
     -52.67775      47.59524       4.31310
     141.84482      43.52865       6.65546
     -89.75869      38.61109       7.91369
     145.21404     -38.37518       4.65619
     -91.90331      44.30395       5.82689
     149.01005     -35.31553       5.49309
     149.01015     -35.31616       5.53204
     -64.97445      18.34009       7.82974
      24.01449      49.83559       6.30061
      73.99711      44.20813       8.50565
     153.03530     -27.48489       9.03492
      20.81046     -32.38021       4.45997
      20.81091     -32.38143       4.53741
     127.05424      37.27551       5.79040
      29.78088      60.53286       6.76668
      -3.98177      51.56556       3.78085
      -6.38895      58.20759       3.70342
     151.15038     -33.78088       4.85786
      39.58374     -69.00696       5.03628
    -117.67828      34.38185       5.48883
    -149.60619     -17.57703       7.61489
     174.76989     -36.84360       5.41188
      72.21045      42.44547       7.65938
      -0.86172       9.55426       7.25334
     -97.86403      22.27832       6.37653
      39.20792      -6.76559       6.68213
      -5.60262      36.00851       6.54900
      69.29557      41.32805       6.74935
    -149.47553     -23.34180       5.72116
      51.33409      35.69728       4.61032
      34.78090      32.06800       5.66112
     -27.15299      38.71899       6.85701
       5.21939      53.36274       5.43049
      -5.36301      35.56164       7.07176
    -125.90784      49.15414       5.85659
       6.74792      53.55743       5.75619
       8.85917      54.12174       5.47117
       8.68705      54.73051       5.55349
       7.55475      58.00638       4.77910
       7.18628      53.33677       7.16186
       7.03068      53.32717       6.18849
       8.09264      53.77171       8.28100
      15.65103      38.10832       7.31159
    -149.60645     -17.57706       6.85636
     -68.78801      76.53734       9.02390
     -68.82504      76.53705       5.79895
    -122.44760      37.89087       5.19483
     148.98000     -35.39920       5.72660
     -42.28615      62.53554       5.98067
       6.43163      51.03531       5.86252
     128.86642      71.63447       7.45170
     128.86639      71.63446       9.02009
       1.48089      43.56069       4.47865
    -105.23271      40.13093      10.18205
     -16.24115      28.47718       6.33621
     -85.37805      35.39048       5.63362
     120.98734      24.79795       5.12757
      11.99995      42.06401       4.51571
    -175.17922     -21.14471       6.82433
     -48.33068     -10.17105      10.56920
       7.66128      45.06337       6.93829
    -118.33060      33.79780       4.23967
      -6.76452      62.02330       5.47859
       1.48076      43.56077       5.24402
     147.05569     -19.26928       5.81070
      39.77556      40.99471       6.24554
    -117.80343      33.61793       5.08790
      10.31916      63.37138       6.10992
     -41.37507      64.27707       7.27587
      13.76352      45.70976       4.71919
      18.93965      69.66272       5.38920
      18.93833      69.66275       5.89746
     140.08750      36.10568       6.10925
      29.45068      40.78673       5.73649
      24.07056      35.53319       5.10741
     -65.23035     -26.84326       7.88872
    -132.99435      69.43824       6.25797
     179.19656      -8.52529       7.08353
     -94.77264      29.32787       6.49334
     -94.78930      29.28514       5.61480
    -118.44191      34.06912       4.91395
    -125.54164      48.92564       5.78593
     -70.40927     -23.67897       4.86318
    -104.40153      19.12410       6.52615
    -122.45815      37.76297       4.26379
     107.05233      47.86507       5.92735
      31.42092     -28.29312       5.54979
      -5.15937      57.89497       5.61161
     116.11203       6.03923       7.32555
     -66.64170      45.95021       5.89720
     -99.18130      19.31270       6.64192
      12.35570      43.11939       5.83413
     -86.86817      20.86850       6.55682
     -65.40764     -24.72746       6.28092
      11.87793      45.40672       5.95475
    -155.88381      20.24589       9.57419
      87.60067      43.80795       7.10795
    -118.28511      34.02395       6.04785
    -120.66109      35.31180       5.54183
    -109.68105      29.82165       5.10036
     -77.06627      38.92057       5.36334
     -76.47939      38.98335       7.18845
     -77.06623      38.91896       6.18479
     138.36204      36.13311       8.50772
      22.29762      48.63198       6.56190
      21.77064      62.96119       8.36279
      13.72418      49.13379       5.59071
      57.49704     -20.29708       7.48536
     -76.49937      37.24862       5.97036
     -77.56417      48.09706       6.23902
      -0.33765      39.48083       4.77611
     -71.63503     -33.02793       6.68123
     -71.62609     -33.02724       4.13311
    -120.56351      34.82661       5.28108
     168.31515     -17.74397       6.52581
      31.03119      70.33637       5.40477
     168.15611     -15.48254       8.81857
     -62.26923     -38.70077       6.45556
     -99.21732      36.07171       5.96030
      12.35408      45.43057       4.80870
      12.33198      45.43698       7.51313
      -2.84178     -71.67380       5.93744
      -8.81307      42.18398       3.93335
     -64.79813      17.71618       7.96192
      16.55993      64.69785       6.49490
     168.31950     -17.72889       7.52795
      -3.95198      40.44359       4.75159
     -75.68701      37.60835       5.12185
      18.36732      57.65387       5.94653
     -64.96921      18.34333       7.49664
       3.59733      51.44288       5.19200
     -64.25416     -65.24601       4.88821
    -120.61645      34.55631       6.30501
     -72.30861      18.52868       7.94416
    -118.29382      33.71264       3.97544
     -72.47757      43.28147       5.56987
       7.46425      46.92375       4.50657
     174.66278     -36.43441       5.24522
      12.10142      54.16979       5.68076
     -77.06623      38.92045       5.53363
     -77.06630      38.92057       5.40417
     174.77871     -41.27265       5.96138
     -71.49333      42.61334       5.32295
       1.13034      52.94487       4.44189
     174.80589     -41.32346       5.11752
     174.78159     -41.29044       5.71081
    -118.03117      33.97988       4.92118
    -135.22211      60.75051       6.97025
     154.22012     -79.84570       7.14642
    -116.39178      33.93476       6.05993
    -122.16781      52.23687       5.79267
      17.08943     -22.57492       5.08521
    -122.14057      37.65264       6.41223
     -92.01521      46.70506       5.79478
      18.41875      54.79676       5.55489
     -92.78191      31.89723      11.56384
     153.03527     -27.48496       6.14516
    -118.42761      33.95815       6.16760
      17.06204      51.11326       6.15886
    -122.92119      50.12654       9.46058
    -106.34983      32.40714       6.66580
       6.60451      52.91461       5.17830
      12.87890      49.14423       5.28999
      12.87893      49.14420       5.37546
      12.87891      49.14420       5.40130
      12.87863      49.14479       5.56714
      12.87894      49.14423       5.50549
      12.87890      49.14421       5.46224
     114.35726      30.53165       6.68052
     -83.10815      29.63101       6.00741
     109.22149      34.36867       7.13758
     105.68850     -10.44997       6.23483
     129.68030      62.03096       7.39627
     115.34698     -29.04655       6.66953
     115.34715     -29.04650       3.98349
     115.34697     -29.04659       5.34507
     -63.67998     -22.01710       6.87098
      -3.08863      40.52490       4.75464
    -114.48084      62.48132       6.20087
    -114.48070      62.48089       6.48737
      56.11233      22.18646       5.37399
      -5.24009       6.87056       5.71968
      34.92827      30.99157       4.84009
     142.71672      47.02974       5.83558
      28.31101     -15.42554       7.04276
      41.56507      43.78839       6.45184
       3.20823      51.33586       4.42306
    -157.92082      21.31299       6.96804
       7.46503      46.87709       4.74675
       7.46510      46.87714       5.46844
       7.46528      46.87710       4.94280
     -65.99348      18.43134       7.08997
      36.75839      55.69928       7.58749
      36.75863      55.69928       9.01944
