     139.54766      39.18556       5.99991
    -160.47676      55.34928       4.35292
    -168.06213      65.61498       7.06705
    -165.37346      64.56450       5.45376
    -176.66265      51.86415       4.90083
    -138.89881      59.34037       9.73294
    -135.22830      59.52804       9.19732
    -134.54530      58.41678      10.93433
      -2.08022      57.14401       4.47725
     -61.52754      16.26230       7.11303
      47.22921     -19.01831       6.05937
    -149.72401      60.48133       7.24292
      -8.39893      43.36438       5.37056
     -70.88659      41.74325       4.28749
     -61.08646      16.29686       6.85311
     138.64735     -34.72900       5.33531
      38.76630       9.03513       6.51840
     130.59959      31.82406       6.10704
    -131.59954      55.06907       7.41423
       8.76261      41.92746       4.84852
      -0.48123      38.33892       4.45944
    -123.48747      48.38978       5.49656
     117.81018     -34.95023       4.11656
     -88.07798      30.24917       5.87791
     -78.07137      45.95580       5.00571
     133.88552     -23.67012       5.05450
      -2.45945      36.85253       6.23160
      34.60665      31.70794       4.36100
     -62.34046      82.49429       5.65608
     167.67930     -15.41952       8.87443
       0.99433      49.85939       3.82627
    -104.52459      38.80312       3.63343
      35.87954      32.02855       4.82786
      16.13482      69.32606       4.78058
      16.00870      69.27837       5.48098
     -95.48507      29.30148       6.99847
      32.75847      39.88737       5.22235
     -76.60925      39.01029       5.29414
     -71.53205     -37.33870       6.91135
     -98.57664      29.49121       7.32208
    -118.83032      34.15744       5.52699
     -80.16220      25.73469       5.98509
     -71.49279     -16.46551       4.93563
     -71.49280     -16.46552       4.75083
      -6.78352      61.99737       4.17386
     -97.05896      27.83835       5.39223
      58.56046      56.42982       5.73120
     -14.41207      -7.95121       5.75491
     -82.54620      35.59945       5.35503
    -170.72243     -14.32610       7.21023
     174.83439     -36.60284       4.32613
     174.77042     -36.84376       4.91496
     -97.75632      30.31170       8.29866
      23.00372      40.56682       4.92416
     -68.30357     -54.83953       7.34615
    -166.54184      53.87564       5.20646
     167.09334     -15.64359       8.04093
     102.23498      51.76971       4.78332
      50.60815      26.20914       4.61033
     -68.26333      49.18683       6.20816
     -96.00234      64.31782       4.74958
     106.84891      -6.49105       6.96558
      49.81441      40.37217       5.80213
    -125.13510      48.83533       8.37504
      77.51162      13.03432       6.54293
    -119.02973      33.48045       4.18852
     -68.22169      44.39505       4.36486
    -162.70716      55.19027       6.57878
    -162.70676      55.19042       6.21423
    -126.84264      50.54428       6.53813
       3.13670      42.51532       5.82848
     -48.46255      -1.40879       9.51201
       1.40114      41.59962       4.88354
      -1.53691      43.47196       3.81911
     166.45338      68.06531       5.98014
     166.43796      68.07613       6.17913
     113.09434       3.24032       8.54236
     113.06722       3.26151       8.66985
    -135.53930      56.85449       6.05902
       2.45002       6.38466       5.56520
     115.89249      39.60860       4.24841
     116.22413      40.24533       4.81754
     168.29209     -46.58506       3.68848
    -114.71485      33.61042       5.83317
      -1.82961      49.65920       3.82376
     152.32100     -24.90822       6.35709
     -60.70111       2.84518      10.63759
      21.03534      52.47595       4.16650
     -74.08094       4.64007       6.12103
     -43.42174     -13.25556       8.19551
      17.07346      52.27696       4.01387
       6.66643      53.57891       4.75625
       6.74745      53.56364       5.29669
     -47.87787     -15.94747       8.77187
    -119.68263      48.13152       5.08898
     -38.42554      -3.87745       5.62301
     -64.69627      32.37040       4.30097
     122.20908     -18.00398       5.30017
      -4.49659      48.38049       4.20900
     -69.94658      43.88982       5.69290
       4.35922      50.79782       3.81313
       4.35856      50.79806       4.30608
      35.02298      32.77898       6.11473
      26.12574      44.46394       6.04443
      12.50002      55.73902       4.01891
     -58.51930     -34.57370       5.75967
     -77.01042       3.88202       7.74433
     145.91485     -41.05007       4.17563
     -66.16120      18.40784       6.98615
    -124.56335      42.83610       4.24206
    -124.18430      41.74560       4.22428
       8.97275      39.13591       4.97723
     -75.80733      45.58502       7.73367
       8.97276      39.13589       5.28356
     -77.14932     -12.06288       5.18409
     -90.54017      19.84443       6.29740
      -3.79806      43.47198       4.27269
    -120.43084      35.88835       5.91286
     -75.53385      10.39133       6.91236
     110.51971     -66.28336       4.22997
    -118.89666      37.64464       7.16176
      -9.41852      38.69342       4.22516
     -77.87539      34.34465       6.34591
    -118.48301      33.44577       4.23855
    -118.33381      33.31162       3.97823
     -65.77412     -28.47098       6.16285
     -52.30997       4.94877       9.94534
     142.19503      27.06753       6.68276
     142.18458      27.09558       6.93731
     -80.54523      28.46023       6.55494
     -80.54548      28.45996       5.29616
      -4.36785      40.45343       5.27504
     133.80983     -31.86667       4.39674
     -40.31945     -20.31079       6.81815
      -5.30639      35.89197       6.26706
      -5.31133      35.89605       5.97327
     -68.23265     -31.60217       4.11834
     -79.84287      32.75757       6.31277
     125.44420      43.79069       4.93010
    -176.56584     -43.95579       4.53093
     -84.46565      45.65349       7.45373
     -88.29922      18.49528       6.53788
     -81.80713      24.55048       5.91888
      -0.40770      46.13346       3.83780
     -75.08769      38.77679       5.53920
     -44.98516     -22.68715       6.93453
     -69.95005      41.67120       6.11993
    -176.61711     -43.73547       3.69228
      74.75110      42.99850       5.70409
     -94.08873      58.75908       4.44518
    -122.00843      49.15661       6.16184
    -116.66576      31.87068       4.14235
    -118.12728      34.13671       4.08243
    -159.80061     -21.20103       7.67372
     153.26654     -27.52615       5.04046
    -124.39633      40.44177       6.43742
     -86.82090      21.17465       5.83891
     169.85585     -43.66624       5.30947
     145.74309      15.22970       6.66440
       7.01573      43.55458       4.36845
      96.83397     -12.18835       5.52886
     -81.12168      34.08100       6.07392
     -73.02538     -36.84284       4.49934
     -73.02548     -36.84376       4.37673
     -70.33824     -27.38453       4.17250
     -97.44168      27.74080       9.46658
    -123.30460      44.58554       5.68306
    -117.80889      35.98234       4.90089
    -110.97188      32.22446       5.26863
       2.37412      51.02295       3.97569
     -75.71270      36.90463       8.50596
     -71.89208     -45.51434       5.68236
    -122.25652      46.84009       5.00165
      33.99098      44.41326       6.43275
     166.66824     -77.84804       4.69156
    -117.09968      34.03905       4.15318
     -64.58432      17.75690       6.25133
    -119.78481      34.02926       4.16098
      34.89019      32.48825       3.75020
     -72.04972      41.33530       4.16380
     -71.88914      41.89970       5.34045
      18.46855     -33.95144       5.93106
     -72.48794       7.89846       9.04684
     -56.06987     -15.55526       8.96269
     -65.28252      18.30744       6.60551
     100.53392      13.73592       8.08714
      40.07140      12.06612       6.73548
     127.37448      36.39943       4.70106
     -17.46510      14.68454       4.79638
     -17.43947      14.72123       5.72706
     130.89149     -12.42401       7.57273
     131.13274     -12.84370       7.77579
      77.97261     -68.57732       3.46016
      23.99264     -30.66521       4.45282
      72.37024      -7.26969       5.85929
       2.34475      50.99365       4.24160
      -2.07598      48.58993       4.01065
       1.66164       9.69206       7.20105
     -61.67766      76.35162       4.68358
     -75.52360      39.16009       5.20338
      35.39207      31.59320       4.91395
    -119.62498      49.32262       5.64117
      35.36882      31.03691       5.02945
     -95.86618      50.25881       4.89187
     140.00196     -66.66508       5.66451
     170.59717     -45.88366       3.81287
     170.62941     -45.81432       5.06556
    -122.08016      47.77410       7.72072
      23.93243      38.07855       6.74921
       0.49236      40.82089       6.03956
      -3.29479      55.92479       4.65384
      15.08208      37.51360       5.72805
    -147.11297      64.68794       8.55443
    -109.38329     -27.14821       9.32056
      34.92060      29.50928       5.15253
     -89.86761      16.91606       7.20281
      35.77065      33.18201       5.82845
     -89.94173      29.87896       8.57507
     -66.99213      44.90871       4.43595
       1.56756      50.68035       3.84499
       8.45683      55.49357       4.82551
       8.43977      55.46027       5.00342
       0.97567      42.69358       6.63060
     -64.79871      47.07340       4.96343
     121.89432     -33.87432       3.89312
     167.19192     -15.97367       9.79619
     -86.36213      13.09954       8.55926
      38.76282       9.01986       6.53995
     -85.93759      79.98895       7.65693
     -85.93992      79.98854       5.30022
     -75.87340      23.56405       5.92589
    -145.74986      60.54870       7.43281
       7.49729      43.77443       5.42700
    -149.61430     -17.55531       6.87113
    -147.49924      64.97800       5.69024
    -147.49852      64.97815       4.28997
    -171.99953     -13.83221       7.25705
     -57.87407     -51.69365       3.85232
    -123.00077      37.69721       5.08588
      -1.24883      44.64595       7.69759
       6.73257       0.33767       6.88196
      14.50354     -22.95035       5.20175
    -101.97803      54.72558       4.75319
     -80.37357      25.75460       5.72650
     160.27141     -77.53273       5.56032
     -31.12639      39.45383       6.90401
     -71.44191      42.30006       4.95966
     -61.58197      15.87533       7.98138
     -38.42561      -3.87745       9.64744
      -7.33665      54.98376       4.33578
     -66.65988      45.93351       6.16471
     -58.98050     -62.19410       5.99477
    -178.12094     -14.30781       8.82761
     162.56470     -78.92767       5.74421
    -123.95609      46.20489       5.25935
     -16.90762      32.64795       7.31392
      -8.58909      41.10602       4.76463
     -94.73681      29.32988       5.86716
     -90.30362      -0.74270       4.63535
    -134.96482     -23.13036       9.63915
      20.32294      49.03471       4.59967
      -0.00601      16.25212       5.03488
      12.24944      44.67690       6.25294
     -81.02290      31.98758       5.52269
     -81.37945      19.29295       6.41325
       8.92114      44.41939       5.43337
      11.92293      54.57443       4.55428
     102.10546       6.22619       8.83336
      -5.36499      36.14818       7.47028
      35.41648      32.47934       5.47435
     -90.30367      -0.74300       3.45237
     -76.49946      37.24854       5.37924
      30.49673      50.36418       5.58760
     -15.63427      27.76478       4.61065
     131.01557      30.55645       6.27417
     -76.82683      39.02173       4.88625
     -76.82709      39.02118       4.26242
     -76.82732      39.02052       4.29521
    -116.88925      35.42516       5.52972
      14.78562      49.91370       4.62280
    -114.17970      40.64017       5.28156
      -9.88072     -40.34883       9.65440
       6.92057      43.75474       3.91145
      15.49348      47.06713       5.02892
     -89.95730      29.26553       5.47930
      -3.50798      47.64801       3.71007
     144.86836      13.58933       7.74081
      87.17731      43.47111       3.30223
     -90.52018      14.59040       7.25548
    -118.28968      28.88406       4.25412
      -4.41182      48.44460       3.75345
    -135.69705      58.41776       9.97786
     144.80271      13.43321       5.85053
      36.09992      29.13887       3.72519
     -90.46763      30.51308       5.61063
      27.70724     -25.88696       4.67893
      27.70776     -25.88711       7.58116
    -120.68207      34.46940       4.68175
      -1.77796      49.58066       4.08807
       7.89309      54.17448       5.62156
    -110.96721      29.09255       4.52573
       0.33627      50.86731       4.45916
       0.33435      50.86748       4.31256
      11.38609      47.31290       5.26080
     115.73858     -31.82552       5.00812
    -155.05269      19.71918       6.51291
       9.96755      57.59110       4.39340
     -95.86338      35.68275       8.31159
     -63.61128      44.68355       4.37536
     142.29621     -10.59037       7.59971
    -157.86455      21.30329       6.44094
     -76.13037      38.58882       4.41958
      19.22306     -34.42463       5.30918
     147.43873     -42.80471       4.12871
       8.29339      54.75875       5.01471
     -15.19792      64.26729       4.78213
      10.15680      54.37292       4.26539
    -128.13500      50.64035       5.84527
    -117.76124      70.73630       4.33059
      -4.64207      53.31773       3.91562
    -123.07473      38.99518       6.35140
     170.10551     -43.77733       9.95655
     -61.70306      15.97961      11.86130
     -95.43299      29.77942      11.13892
      27.68698     -25.89010       4.90997
      -1.28389      51.45374       3.88516
      -6.92030      37.19998       4.31573
      92.53241      10.60951       8.51167
      78.55087      17.41726       6.04713
       1.44897      38.91125       4.58563
     -90.52747      19.85346       6.18115
    -111.11027      43.74612       6.30870
       7.63940      45.01513       5.32674
      -5.10846      33.53963       4.33173
     -58.43932     -34.57224       6.31784
    -115.03180      32.70617       4.15838
       4.55606      52.46197       5.11134
     -51.34338     -20.42778       8.47675
     -48.65572     -28.23484       6.56595
     -47.49723      -5.49177      10.55951
    -102.28420      21.85615       4.96656
    -133.52696      68.30619       6.56186
    -110.33074      24.14527       4.66147
     -68.51050      63.75596       3.84312
     -70.13171     -20.27354       4.73584
     -73.26871      -3.76735      11.14014
     104.31618      52.21902       4.52096
     104.31624      52.21902       5.19332
      44.43840      33.34141       4.64354
     -87.05583       5.54434       9.18646
    -109.34441     -27.12498       6.04718
      29.01934      41.10445       6.07370
     132.89390     -12.65885       6.94307
     132.89453     -12.66015       8.34184
     -76.78087      17.93902       8.47708
      57.76390      25.64949       4.59119
      42.10363      16.69918       6.30913
      30.09616      62.39117       4.82561
      21.03235      52.09784       4.66357
      21.03154      52.09727       5.32442
    -118.17323      34.20482       4.84959
    -118.17430      34.20158       4.32235
      35.20245      31.77115       5.74399
     -81.70148      30.48404       8.55441
      35.14506      33.02282       6.00452
     169.77516     -43.60839       4.84242
       8.41126      49.01125       5.82010
     117.09719     -20.98143       4.73285
     132.15327     -14.37600       7.59176
     132.15250     -14.37508       8.21755
      27.78078      35.95148       6.16045
      35.68828      32.99525       7.66054
     120.97774      13.98688      11.85117
    -122.89607      46.11818       5.98364
     -50.94484      66.98742       5.05694
    -151.35018      60.67508       6.91298
      70.25552     -49.35147       6.62676
      70.21793     -49.35218       7.58950
     139.48853      35.70677       4.58242
     139.48812      35.71034       5.90877
     135.04616      48.52145       4.45947
      36.23901      50.00510       6.55278
      -5.05234      58.45877       4.64566
      21.06024      67.87758       7.07498
     172.92290       1.35458       7.50467
      20.96845      67.85735       5.74539
      66.88545      39.13477       6.76465
      21.11888      55.71536       4.71415
     -63.52739      81.25271       5.30864
    -152.19343      57.61769       6.54999
    -152.50138      57.73511       5.20013
    -159.75817      21.98349       7.70350
    -159.66493      22.12626       5.98509
      -3.90241      47.86575       3.67903
      13.72456      45.54811       4.84135
       5.80964      52.17843       4.65514
     -52.80597       5.25219       7.49596
     164.28734     -20.55869       5.13990
     -52.63975       5.09847       7.92066
     -52.80596       5.25218       7.11470
      70.25551     -49.35154       6.65496
      17.12503      39.07994       5.21965
      92.79383      55.99325       6.49651
      78.61906      50.71395       6.84207
     140.65767      35.95537       6.73818
     -35.57631      66.86328       4.43906
      33.96946      44.39289       7.94190
     103.13915       5.31889       8.69313
     -57.22705      74.58062       4.65340
     -37.14936      65.57933       4.92328
      78.19039      41.86353       4.57192
     102.79720      25.02954       7.16607
     -77.74544      55.27836       5.69849
      47.97149      29.32497       5.19951
     167.73024       8.72221       9.95755
     -81.75428      24.55369       6.22240
     -81.65303      24.58227       6.13817
     146.99319      -6.67371       7.13048
      -8.66838      37.09894       3.65877
     -61.16311      14.81296       8.87778
      20.66994      53.89240       4.91076
      12.60566      35.49977       4.97245
     133.21276     -15.57316       6.93437
     177.44658     -17.60881       6.48793
      80.95589      26.91244       8.77944
     159.07852     -31.54146       5.22233
    -118.32175      34.13460       4.67096
     -85.03119       9.94537       7.05598
      91.10399      29.65734       5.73670
      34.86631      31.37782       4.80399
      91.10403      29.65733       5.46724
     -65.59525     -38.00266       4.85667
    -159.33925      21.98456       7.46833
      -3.01823      53.44970       3.89720
     -95.14575      29.91346       6.29517
     -57.85074     -51.69841       4.42304
       1.97305      42.47813       5.85674
     -60.99618      14.59482       7.01055
     -97.48074      36.68545       4.19586
     159.06120     -31.51989       5.19838
       1.75020      52.47323       4.54565
     -17.89383      28.76387       4.04735
    -110.31935      24.13880       4.16867
     -57.93230     -34.90675       5.95739
     167.26378     -20.91799       6.70870
      -4.76040      48.44626       3.59552
      -1.21932      46.15894       3.72214
      -1.14027      60.15405       3.82564
     -40.19805      64.43048       6.29729
     172.72222     -43.60584       4.77127
     158.93583     -54.49953       3.84048
      -4.24966      40.42916       6.17157
     168.05759     -14.96807      11.45932
     150.77002      59.57575       3.51157
     171.36452       7.11915       6.76863
      40.19414      -2.99606       4.55411
      -4.39353      36.72612       4.69861
      73.52629       4.18868       9.17385
      40.19440      -2.99591       8.64608
       2.62455      39.55263       5.60910
     -86.24899      12.14894       7.07476
     -51.09734       0.04669       9.45807
      17.25853      60.59514       5.01066
     -71.62443      10.67398      10.79738
     -65.69462      77.18704       4.90709
      37.86099     -46.87646      11.18193
       5.35379      43.27877       5.42519
     -15.63328      27.76374       3.82826
      16.70455      40.64906       4.98625
      16.70446      40.64913       4.57553
    -156.25702      20.70665       4.40387
      62.87072     -67.60477       3.59089
     -67.15887      18.21759       7.65679
      30.73788      -0.60147       4.83266
     -82.53232      27.84982       5.99209
     153.97866      24.29009       4.52596
     166.66933     -77.83835       8.36334
    -104.01499      30.68051       5.74375
     -76.45388      38.31892       5.11925
      37.21450      56.02149       5.64806
      37.22359      56.02748       7.96572
      11.64681      44.51996       5.30582
     -89.62032      20.98005       5.83667
      34.25585      36.56639       7.88550
      24.39532      60.21747       4.86142
      24.39533      60.21748       6.44128
      25.53997     -25.80502       4.69715
     -69.39792     -35.77735       4.16454
    -121.64258      37.34153       4.30062
     -80.16017      25.73281       6.06854
    -120.35139      34.03826       4.98360
      31.97284      46.97278       5.61550
     -87.88845      43.00254       6.70084
     141.13283      39.13517       5.46298
    -155.45634      19.80135       5.48383
     -87.39181      32.09026       6.98417
     -88.02410      30.22752       6.57392
      36.56971      55.11488       7.86420
      36.56952      55.11488       8.02598
     144.97534     -37.82941       3.31067
    -116.42235      32.89194       4.59760
      -1.68550      55.21279       5.76436
     -57.57130     -38.00577       4.93758
     -57.53114     -38.03560       6.35507
    -105.24920      20.67900       6.32677
     172.65470     -43.70273       4.29736
    -109.71764      23.16045       5.17160
     170.46494     -43.98570       5.42904
    -100.31291      25.71551       5.70718
      85.52122      27.69272      11.28478
     -61.68872      56.53698       4.45157
      42.04465      19.21142       4.70586
    -124.08648      49.29481       5.96006
     -81.77629      26.14864       7.03232
     -77.46226      25.05254       6.75306
     166.92555      -0.55173       6.32890
     -60.05502      -3.02292      22.33013
     -75.75134      36.18168       4.62763
     -89.61028      30.35628       6.04305
    -124.62491      48.29786       7.01528
     -47.92497     -25.02024       7.16110
      -5.54279      50.10303       4.61851
       7.22726      43.70326       4.54084
      33.39645      35.14099       4.94883
    -105.26260      39.99507       5.07962
    -105.26225      39.99543       5.21836
    -169.92707     -19.07653       5.83357
     -74.80290      39.10067       4.33486
     -74.53082      39.47452       4.89795
     -74.17770      40.74148       5.10017
       9.67212       0.35391       5.63000
     -91.57490      41.77159       6.02424
     166.44251     -22.26479       5.42262
     116.19272     -31.04874       3.80785
     -44.90106      61.63188       6.47177
     167.93883     -29.04335       4.97832
      14.98979      36.87584       5.19193
      14.98981      36.87611       5.20974
     166.41020     -22.26985       5.03632
      82.90949      55.03050       7.96129
      -0.33964      51.42098       3.93438
     174.11817     -39.18256       7.12044
     -71.32754      41.50985       4.68122
     -75.62383      45.45416       5.77499
      35.03604      30.03842       4.42241
      88.35978      69.36183       6.22718
     -77.02440      38.82075       6.11088
     166.48488     -22.22833       5.39051
      -1.43257      55.00891       4.15127
      44.50293      40.22646       4.79832
    -116.97268      32.57931       4.33064
      -1.43987      55.00742       4.89780
     103.67996       1.34580       6.49003
      30.08968      -1.94455       5.07215
      83.23544      54.84061       7.68921
      11.86531      78.92955       5.63265
      11.86509      78.92958       5.89161
     -74.01432      40.70107       5.39988
     -73.73008      40.71953       4.48337
     -96.71674      17.07834       6.33461
      11.27987      48.08617       5.71083
      11.27980      48.08618       4.93618
    -102.31516      31.87393       5.68735
    -117.04177      33.13061       4.55019
     -57.90133     -63.32108       5.78466
     -57.90139     -63.32109       5.76952
     -57.90034     -63.32072       7.64101
     -88.86248      34.09026       7.61288
      11.92552      57.39530       4.32948
       2.92229      51.22541       4.17310
       2.33494      48.83592       4.34161
      20.79405      41.12731       5.82688
      10.36776      59.73659       5.35894
     127.02403      37.07757       3.85992
      -1.51250      12.35639       6.51334
     170.51093     -45.86947       4.20494
     170.51092     -45.86950       4.75260
     -96.05488      16.51997       7.32474
    -123.72620      38.92835       3.46931
     140.85831      43.20953       7.66984
     139.48919      42.07879       4.89576
     140.85921      40.89750       5.10029
     139.70346      39.94212       4.18836
     139.54596      38.56334       4.97257
     140.96241      37.83079       4.62350
     140.24945      35.12938       4.98663
     139.61553      35.16015       6.09994
     138.28125      37.81476       4.25733
     138.50851      37.35654       4.72397
     136.90032      37.40573       6.44736
     136.14884      36.25458       4.47017
     139.13296      34.89549       7.27812
     138.76420      34.80690       6.13314
     138.32741      34.87067       5.33258
     136.82384      34.90397       4.95391
     135.19154      34.14415       4.94360
     134.31593      35.59369       4.52722
     131.60465      34.62759       4.92374
     133.24350      33.33350       5.50096
     129.84929      33.47308       5.38879
     131.66960      32.42862       5.32184
     130.19106      32.01741      10.36041
     127.82467      26.17947       5.02539
    -124.23704      40.69109       4.14562
     141.68533      45.40782       4.12253
     144.28579      44.01941       4.01707
     144.37140      42.97557       3.56114
     140.72453      41.78166       4.33584
     139.82492      34.91879       4.29245
     137.22457      36.76217       4.87019
     135.77319      33.47595       5.07687
     132.06621      34.89731       4.59373
     129.86620      32.73512       6.22120
     131.40930      31.57697       6.78487
     127.66521      26.21333       6.37585
     142.19461      27.09394       6.54690
    -122.21906      37.86390       4.13625
    -121.90541      36.62168       6.18472
    -124.25348      43.39552       4.31836
    -123.50328      48.05955       6.69024
      11.89606      45.41115       4.47986
      80.70262       7.27275      10.65418
     -64.05112     -64.77509       5.00181
    -149.57272     -17.53308       8.22305
     -75.17633      40.01316       4.97470
     -49.23095     -25.44837       5.75096
     -70.87988     -53.13695       6.93711
     148.26461     -32.99877       3.98910
      -1.93152      43.32176       4.42115
    -106.41393      31.76977       6.42972
      21.78675      38.28366       5.68592
     -95.71851      31.77827       7.86610
      98.52622      -0.03160       7.58810
      -2.45748      50.52178       3.68460
    -122.41895      37.85305       4.95258
      92.71225      11.63781       6.93536
      92.71214      11.63778       6.49551
     -87.18942      30.46902       5.80837
     -25.66276      37.74775       4.77878
      19.28153      47.78960       5.20721
     115.88525     -31.80197       4.56536
     158.60708      53.06673       5.14252
     158.65013      53.02330       5.21167
    -123.45113      48.64853       5.48392
      31.34340      29.86155       5.99512
     -90.16197      51.47981       5.32036
    -108.11893      34.30151       3.90011
     121.07773      14.63572       7.64680
    -116.45816      33.61216       5.80180
    -117.24303      32.66542       3.62096
     -34.03346      66.89773       4.91809
     -15.40761      28.14671       4.46440
      -1.11120      50.80233       4.15843
      -4.12618      50.41647       3.91920
     -85.67819      30.20459       5.58524
     147.36601      -2.04323       7.35587
     -51.11976     -30.07404       6.39882
     158.21012       6.95994       9.29194
      74.69427      42.67977       4.33133
      34.54293      49.60261       5.14341
     -70.70953      43.07102       6.19531
    -116.59086      32.61841       4.27943
      13.06609      52.37930       4.56744
     -63.89632      -8.70934      12.99616
    -122.38995      37.18709       5.46575
     -51.40853     -22.11990       7.26302
     -97.51925      34.97987       5.15278
    -114.29350      50.87135       4.82050
      28.22404     -25.74635       4.80111
       5.37271      43.27676       4.98834
     -67.04537      17.97040       6.45165
     121.04077      14.53544       5.90638
      10.45975      52.29619       4.66715
     150.91370     -34.47555       4.68195
     141.61347     -38.34440       3.74162
    -123.01872      37.99617       4.39544
    -124.25520      41.78274       4.91963
     138.48572     -35.09470       3.76275
     -67.06696      18.46298       7.41321
     -67.06684      18.46319       7.68870
    -118.40425      33.74330       4.11480
    -118.40425      33.74329       3.75740
     -52.68837      70.74040       5.30610
     -46.04776      60.71526       3.81409
     -64.03367      67.55934       4.18057
    -125.33083      50.13250       7.22456
     169.81583     -43.53166       7.27313
     -78.49361      -0.21516       5.06203
    -120.94443      39.97455       6.82939
      -6.85429      33.99810       4.20791
      34.76314      30.59761       4.08592
      32.07838     -28.79555       5.53554
    -119.72000      34.49998       4.57097
      36.89348      -1.22083       4.73845
     -80.38407      25.61410       5.71554
     -34.95152      -8.05096       6.61395
     -75.56998      39.56145       5.80957
       5.14488      50.00150       4.16918
      17.11753      54.47238       4.48925
     -94.89369      74.69082       4.45203
      55.57172     -21.20823       7.01470
     -21.95549      64.13878       4.29871
     -21.95548      64.13879       4.51153
     -77.42966      37.53790       5.42591
      24.05877      56.94862       5.22261
     -50.99396      71.84850       5.41794
     -67.75112     -53.78547       3.87701
     -67.80281      -9.96546      10.99733
     -78.65111      -1.65060       5.59611
      -6.20626      36.46427       4.73358
     163.19011     -77.03444       4.46053
     -52.95209     -22.52330       6.80432
      -3.96573      48.71844       4.10933
     -68.12578     -67.57139       6.34027
     150.79008     -23.16099       6.53445
     -65.10725     -43.29888       5.62549
     -76.70935      39.25463       4.83690
     -74.23440      40.68053       4.43151
     -66.64234      45.95014       4.63808
     137.93433     -32.47029       4.52444
      -1.80579      46.53003       4.72103
    -125.24986      71.99033       5.19549
     -83.83777      43.62864       5.89636
     -67.05778      -0.14385      10.23940
     -44.21248      -2.59346       7.50183
     -38.51236     -13.00867       7.81211
    -171.73842     -13.84921       7.85179
      98.71472       3.62161       8.95816
     167.20320     -15.44714       7.15116
     -70.66855     -33.15029       4.71851
    -121.44718      36.76530       4.18844
       9.40251      41.85833       6.24622
      -2.76981      47.52449       3.41771
    -106.39835      52.19626       4.68948
      13.64329      54.51359       5.37777
     -81.69634      32.13860       5.81937
     -38.43225     -12.93925       5.73907
      17.87921     -29.66933       4.34877
    -122.41044      37.68622       6.98202
    -123.00761      48.54619       5.93432
     -79.93800      32.78292       5.70318
     -66.83262      54.83209       5.17402
     -79.92536      32.77948       6.10395
     -78.73525      33.93993       5.22392
      -6.29580      49.91456       4.03666
    -118.48794      32.91443       4.57724
      -1.68168      43.39523       4.62354
     -21.95034      70.48533       4.43683
     -75.76232      20.01206       6.75312
    -122.30948      47.65398       6.23822
      77.01690      43.17873       5.72163
       3.69912      43.39765       4.13035
      55.47940      -4.67372       9.69119
      -6.20565      36.46435       4.02716
      25.04655      60.20019       5.09033
     -73.12496      40.91468       5.29577
     -99.18861      19.74124       6.53376
     126.95553      37.46252       6.60063
      24.96116      60.20385       4.65860
      79.87417       6.89207       6.72399
     121.20044      31.09964       5.07550
      75.31547      42.62071       5.55989
     -64.55201      46.22069       4.33737
       0.74341      51.44568       5.42200
     -74.01160      40.47149       5.21362
       0.82702      51.55479       4.02534
      18.43957     -34.18794       5.77443
    -117.25041      32.86470       3.98281
    -117.24969      32.84073       4.49149
       4.67658      45.87908       4.00776
      21.04829      64.87920       5.03095
     -95.19678      16.16843       8.41039
      55.28802     -21.19596       9.49370
     135.93695      33.57786       5.53944
      -2.02747      48.64108       4.93884
     -79.15806      35.47353       4.47390
    -119.52436      33.24787       4.69627
      23.39473      42.55609       6.39782
     -76.45389      38.31888       5.37056
      46.40057      24.91068       3.30358
     -61.66272      16.04498       9.02976
     147.93085     -42.54644       4.60995
    -118.64616      34.05934       3.93122
      16.43845      43.50664       5.16003
    -115.46586      31.04504       4.84378
      12.89135      57.71496       4.08015
     -54.39370      72.91068       4.68300
    -120.06522      34.00433       4.63078
     -38.51648     -12.97516       6.92615
     -89.11660      13.69709       6.76031
       5.59862      59.01771       4.12638
      -5.66735     -15.94253       4.79130
     -52.67830      47.59523       5.87930
     -52.67775      47.59524       4.43322
     141.84482      43.52865       6.40604
     -89.75869      38.61109       7.14752
     145.21404     -38.37518       4.02088
     -91.90331      44.30395       4.95700
     149.01005     -35.31553       4.61206
     149.01015     -35.31616       4.80508
     -64.97445      18.34009       7.74502
      24.01449      49.83559       5.46416
      73.99711      44.20813       7.57919
     153.03530     -27.48489       8.62149
      20.81046     -32.38021       3.94459
      20.81091     -32.38143       3.91848
     127.05424      37.27551       4.71132
      29.78088      60.53286       4.87795
      -3.98177      51.56556       4.06785
      -6.38895      58.20759       3.87084
     151.15038     -33.78088       4.10799
      39.58374     -69.00696       4.19139
    -117.67828      34.38185       5.43500
    -149.60619     -17.57703       7.57568
     174.76989     -36.84360       5.22968
      72.21045      42.44547       6.46228
      -0.86172       9.55426       6.96998
     -97.86403      22.27832       6.11745
      39.20792      -6.76559       6.79858
      -5.60262      36.00851       6.34956
      69.29557      41.32805       5.10938
    -149.47553     -23.34180       5.65202
      51.33409      35.69728       3.64864
      34.78090      32.06800       4.87601
     -27.15299      38.71899       6.95041
       5.21939      53.36274       5.18842
      -5.36301      35.56164       7.08985
    -125.90784      49.15414       6.07069
       6.74792      53.55743       5.34831
       8.85917      54.12174       4.89637
       8.68705      54.73051       5.31269
       7.55475      58.00638       4.42830
       7.18628      53.33677       6.72316
       7.03068      53.32717       5.91993
       8.09264      53.77171       7.96332
      15.65103      38.10832       6.99006
    -149.60645     -17.57706       6.81865
     -68.78801      76.53734       8.45840
     -68.82504      76.53705       4.53062
    -122.44760      37.89087       5.04071
     148.98000     -35.39920       5.30855
     -42.28615      62.53554       5.59631
       6.43163      51.03531       4.79411
     128.86642      71.63447       6.03834
     128.86639      71.63446       7.87269
       1.48089      43.56069       4.05433
    -105.23271      40.13093       8.84064
     -16.24115      28.47718       6.33971
     -85.37805      35.39048       5.09055
     120.98734      24.79795       4.82136
      11.99995      42.06401       4.13813
    -175.17922     -21.14471       6.76094
     -48.33068     -10.17105      10.62041
       7.66128      45.06337       6.48191
    -118.33060      33.79780       4.23604
      -6.76452      62.02330       5.48183
       1.48076      43.56077       4.67762
     147.05569     -19.26928       5.57347
      39.77556      40.99471       5.75882
    -117.80343      33.61793       5.07117
      10.31916      63.37138       5.37794
     -41.37507      64.27707       6.34748
      13.76352      45.70976       4.37667
      18.93965      69.66272       4.97903
      18.93833      69.66275       5.02045
     140.08750      36.10568       6.06964
      29.45068      40.78673       5.10024
      24.07056      35.53319       4.98953
     -65.23035     -26.84326       7.41888
    -132.99435      69.43824       5.05740
     179.19656      -8.52529       6.99121
     -94.77264      29.32787       6.22933
     -94.78930      29.28514       5.48636
    -118.44191      34.06912       4.80224
    -125.54164      48.92564       5.44784
     -70.40927     -23.67897       4.88300
    -104.40153      19.12410       6.49072
    -122.45815      37.76297       4.20710
     107.05233      47.86507       3.76907
      31.42092     -28.29312       5.11621
      -5.15937      57.89497       5.89692
     116.11203       6.03923       7.28865
     -66.64170      45.95021       6.27508
     -99.18130      19.31270       6.38196
      12.35570      43.11939       5.12911
     -86.86817      20.86850       6.45422
     -65.40764     -24.72746       5.97156
      11.87793      45.40672       5.18529
    -155.88381      20.24589       9.55089
      87.60067      43.80795       5.27417
    -118.28511      34.02395       5.89879
    -120.66109      35.31180       5.40152
    -109.68105      29.82165       4.91907
     -77.06627      38.92057       4.91161
     -76.47939      38.98335       6.79678
     -77.06623      38.91896       5.71992
     138.36204      36.13311       8.47059
      22.29762      48.63198       5.63824
      21.77064      62.96119       8.18198
      13.72418      49.13379       4.69648
      57.49704     -20.29708       7.20589
     -76.49937      37.24862       5.80130
     -77.56417      48.09706       5.73709
      -0.33765      39.48083       4.39254
     -71.63503     -33.02793       6.62006
     -71.62609     -33.02724       4.01013
    -120.56351      34.82661       5.20605
     168.31515     -17.74397       6.29844
      31.03119      70.33637       4.74990
     168.15611     -15.48254       8.65178
     -62.26923     -38.70077       5.68210
     -99.21732      36.07171       5.29546
      12.35408      45.43057       4.86919
      12.33198      45.43698       7.18146
      -2.84178     -71.67380       4.62327
      -8.81307      42.18398       3.85750
     -64.79813      17.71618       7.87698
      16.55993      64.69785       5.39734
     168.31950     -17.72889       7.31336
      -3.95198      40.44359       4.27064
     -75.68701      37.60835       4.89365
      18.36732      57.65387       4.98709
     -64.96921      18.34333       7.39363
       3.59733      51.44288       4.33377
     -64.25416     -65.24601       4.60101
    -120.61645      34.55631       6.41807
     -72.30861      18.52868       7.88888
    -118.29382      33.71264       3.92671
     -72.47757      43.28147       5.17069
       7.46425      46.92375       3.99446
     174.66278     -36.43441       5.10282
      12.10142      54.16979       4.35156
     -77.06623      38.92045       5.43247
     -77.06630      38.92057       4.98243
     174.77871     -41.27265       5.98245
     -71.49333      42.61334       5.03000
       1.13034      52.94487       4.48457
     174.80589     -41.32346       5.08558
     174.78159     -41.29044       5.73325
    -118.03117      33.97988       4.74163
    -135.22211      60.75051       6.13013
     154.22012     -79.84570       5.16284
    -116.39178      33.93476       5.96432
    -122.16781      52.23687       5.51351
      17.08943     -22.57492       4.53621
    -122.14057      37.65264       6.48349
     -92.01521      46.70506       5.29976
      18.41875      54.79676       5.07816
     -92.78191      31.89723      11.16254
     153.03527     -27.48496       5.67118
    -118.42761      33.95815       6.06146
      17.06204      51.11326       4.89210
    -122.92119      50.12654       9.13848
    -106.34983      32.40714       6.12376
       6.60451      52.91461       4.32248
      12.87890      49.14423       4.30170
      12.87893      49.14420       4.86141
      12.87891      49.14420       4.66973
      12.87863      49.14479       4.53587
      12.87894      49.14423       4.89602
      12.87890      49.14421       4.54360
     114.35726      30.53165       6.53938
     -83.10815      29.63101       5.91207
     109.22149      34.36867       5.06896
     105.68850     -10.44997       6.51681
     129.68030      62.03096       5.67994
     115.34698     -29.04655       5.97639
     115.34715     -29.04650       3.24590
     115.34697     -29.04659       4.60791
     -63.67998     -22.01710       6.16196
      -3.08863      40.52490       4.44416
    -114.48084      62.48132       5.19870
    -114.48070      62.48089       5.09920
      56.11233      22.18646       4.04621
      -5.24009       6.87056       5.40224
      34.92827      30.99157       4.09532
     142.71672      47.02974       5.39767
      28.31101     -15.42554       6.45577
      41.56507      43.78839       5.57721
       3.20823      51.33586       3.79009
    -157.92082      21.31299       7.04080
       7.46503      46.87709       4.25766
       7.46510      46.87714       4.82015
       7.46528      46.87710       4.49374
     -65.99348      18.43134       7.01266
      36.75839      55.69928       6.50086
      36.75863      55.69928       7.90674
