     139.54766      39.18556       5.99686
    -160.47676      55.34928       4.31772
    -168.06213      65.61498       7.06946
    -165.37346      64.56450       5.44737
    -176.66265      51.86415       4.91216
    -138.89881      59.34037       9.71141
    -135.22830      59.52804       9.16133
    -134.54530      58.41678      10.89371
      -2.08022      57.14401       4.45994
     -61.52754      16.26230       7.14001
      47.22921     -19.01831       6.04912
    -149.72401      60.48133       7.21169
      -8.39893      43.36438       5.35526
     -70.88659      41.74325       4.25634
     -61.08646      16.29686       6.88096
     138.64735     -34.72900       5.37178
      38.76630       9.03513       6.53417
     130.59959      31.82406       6.11125
    -131.59954      55.06907       7.36644
       8.76261      41.92746       4.82816
      -0.48123      38.33892       4.45015
    -123.48747      48.38978       5.46130
     117.81018     -34.95023       4.07797
     -88.07798      30.24917       5.84736
     -78.07137      45.95580       4.95122
     133.88552     -23.67012       5.05569
      -2.45945      36.85253       6.20472
      34.60665      31.70794       4.31624
     -62.34046      82.49429       5.64220
     167.67930     -15.41952       8.90935
       0.99433      49.85939       3.80497
    -104.52459      38.80312       3.61072
      35.87954      32.02855       4.82622
      16.13482      69.32606       4.76455
      16.00870      69.27837       5.46358
     -95.48507      29.30148       6.95542
      32.75847      39.88737       5.21288
     -76.60925      39.01029       5.26214
     -71.53205     -37.33870       6.93464
     -98.57664      29.49121       7.28530
    -118.83032      34.15744       5.54276
     -80.16220      25.73469       5.96256
     -71.49279     -16.46551       4.91796
     -71.49280     -16.46552       4.75817
      -6.78352      61.99737       4.14564
     -97.05896      27.83835       5.37440
      58.56046      56.42982       5.70328
     -14.41207      -7.95121       5.76429
     -82.54620      35.59945       5.34842
    -170.72243     -14.32610       7.20963
     174.83439     -36.60284       4.37475
     174.77042     -36.84376       4.98193
     -97.75632      30.31170       8.27655
      23.00372      40.56682       4.91439
     -68.30357     -54.83953       7.34046
    -166.54184      53.87564       5.18691
     167.09334     -15.64359       8.08757
     102.23498      51.76971       4.77574
      50.60815      26.20914       4.54526
     -68.26333      49.18683       6.16737
     -96.00234      64.31782       4.71869
     106.84891      -6.49105       6.96317
      49.81441      40.37217       5.78138
    -125.13510      48.83533       8.36198
      77.51162      13.03432       6.54786
    -119.02973      33.48045       4.19213
     -68.22169      44.39505       4.32358
    -162.70716      55.19027       6.57990
    -162.70676      55.19042       6.20869
    -126.84264      50.54428       6.49497
       3.13670      42.51532       5.82796
     -48.46255      -1.40879       9.54273
       1.40114      41.59962       4.87635
      -1.53691      43.47196       3.80069
     166.45338      68.06531       5.97539
     166.43796      68.07613       6.14796
     113.09434       3.24032       8.52897
     113.06722       3.26151       8.67008
    -135.53930      56.85449       5.99999
       2.45002       6.38466       5.58540
     115.89249      39.60860       4.23536
     116.22413      40.24533       4.79948
     168.29209     -46.58506       3.69208
    -114.71485      33.61042       5.79754
      -1.82961      49.65920       3.80302
     152.32100     -24.90822       6.35513
     -60.70111       2.84518      10.72905
      21.03534      52.47595       4.14035
     -74.08094       4.64007       6.17043
     -43.42174     -13.25556       8.17461
      17.07346      52.27696       3.98892
       6.66643      53.57891       4.73242
       6.74745      53.56364       5.28521
     -47.87787     -15.94747       8.75334
    -119.68263      48.13152       5.04965
     -38.42554      -3.87745       5.62316
     -64.69627      32.37040       4.28456
     122.20908     -18.00398       5.29266
      -4.49659      48.38049       4.18033
     -69.94658      43.88982       5.63252
       4.35922      50.79782       3.79021
       4.35856      50.79806       4.26401
      35.02298      32.77898       6.09574
      26.12574      44.46394       6.03822
      12.50002      55.73902       3.99659
     -58.51930     -34.57370       5.79937
     -77.01042       3.88202       7.78255
     145.91485     -41.05007       4.21401
     -66.16120      18.40784       6.99225
    -124.56335      42.83610       4.22469
    -124.18430      41.74560       4.20038
       8.97275      39.13591       4.96632
     -75.80733      45.58502       7.68763
       8.97276      39.13589       5.26677
     -77.14932     -12.06288       5.19556
     -90.54017      19.84443       6.27383
      -3.79806      43.47198       4.23040
    -120.43084      35.88835       5.86489
     -75.53385      10.39133       6.91022
     110.51971     -66.28336       4.19572
    -118.89666      37.64464       7.15314
      -9.41852      38.69342       4.20755
     -77.87539      34.34465       6.30341
    -118.48301      33.44577       4.21377
    -118.33381      33.31162       3.95964
     -65.77412     -28.47098       6.15638
     -52.30997       4.94877       9.98864
     142.19503      27.06753       6.68779
     142.18458      27.09558       6.93870
     -80.54523      28.46023       6.54416
     -80.54548      28.45996       5.31490
      -4.36785      40.45343       5.24463
     133.80983     -31.86667       4.38035
     -40.31945     -20.31079       6.82777
      -5.30639      35.89197       6.25625
      -5.31133      35.89605       5.96871
     -68.23265     -31.60217       4.14156
     -79.84287      32.75757       6.27791
     125.44420      43.79069       4.91266
    -176.56584     -43.95579       4.52267
     -84.46565      45.65349       7.47127
     -88.29922      18.49528       6.52904
     -81.80713      24.55048       5.92879
      -0.40770      46.13346       3.82243
     -75.08769      38.77679       5.52879
     -44.98516     -22.68715       6.92991
     -69.95005      41.67120       6.07761
    -176.61711     -43.73547       3.71285
      74.75110      42.99850       5.69876
     -94.08873      58.75908       4.38129
    -122.00843      49.15661       6.13382
    -116.66576      31.87068       4.13202
    -118.12728      34.13671       4.09918
    -159.80061     -21.20103       7.68369
     153.26654     -27.52615       5.06382
    -124.39633      40.44177       6.42680
     -86.82090      21.17465       5.83996
     169.85585     -43.66624       5.32100
     145.74309      15.22970       6.67000
       7.01573      43.55458       4.36237
      96.83397     -12.18835       5.51690
     -81.12168      34.08100       6.05676
     -73.02538     -36.84284       4.52407
     -73.02548     -36.84376       4.42132
     -70.33824     -27.38453       4.15438
     -97.44168      27.74080       9.41658
    -123.30460      44.58554       5.65438
    -117.80889      35.98234       4.88641
    -110.97188      32.22446       5.23351
       2.37412      51.02295       3.94975
     -75.71270      36.90463       8.44833
     -71.89208     -45.51434       5.69923
    -122.25652      46.84009       4.96834
      33.99098      44.41326       6.42683
     166.66824     -77.84804       4.66425
    -117.09968      34.03905       4.19512
     -64.58432      17.75690       6.27312
    -119.78481      34.02926       4.14618
      34.89019      32.48825       3.76364
     -72.04972      41.33530       4.11966
     -71.88914      41.89970       5.29781
      18.46855     -33.95144       5.97751
     -72.48794       7.89846       9.04795
     -56.06987     -15.55526       8.95482
     -65.28252      18.30744       6.61513
     100.53392      13.73592       8.08750
      40.07140      12.06612       6.73863
     127.37448      36.39943       4.70530
     -17.46510      14.68454       4.81029
     -17.43947      14.72123       5.71134
     130.89149     -12.42401       7.54474
     131.13274     -12.84370       7.74881
      77.97261     -68.57732       3.41541
      23.99264     -30.66521       4.47599
      72.37024      -7.26969       5.86667
       2.34475      50.99365       4.22330
      -2.07598      48.58993       3.98128
       1.66164       9.69206       7.22684
     -61.67766      76.35162       4.64873
     -75.52360      39.16009       5.17738
      35.39207      31.59320       4.90231
    -119.62498      49.32262       5.60855
      35.36882      31.03691       5.02568
     -95.86618      50.25881       4.86518
     140.00196     -66.66508       5.61246
     170.59717     -45.88366       3.83351
     170.62941     -45.81432       5.09552
    -122.08016      47.77410       7.71458
      23.93243      38.07855       6.72071
       0.49236      40.82089       6.03909
      -3.29479      55.92479       4.63181
      15.08208      37.51360       5.72114
    -147.11297      64.68794       8.58745
    -109.38329     -27.14821       9.32129
      34.92060      29.50928       5.13785
     -89.86761      16.91606       7.18986
      35.77065      33.18201       5.82193
     -89.94173      29.87896       8.54410
     -66.99213      44.90871       4.39187
       1.56756      50.68035       3.82622
       8.45683      55.49357       4.80335
       8.43977      55.46027       4.99325
       0.97567      42.69358       6.58832
     -64.79871      47.07340       4.91732
     121.89432     -33.87432       3.90176
     167.19192     -15.97367       9.79422
     -86.36213      13.09954       8.55585
      38.76282       9.01986       6.56279
     -85.93759      79.98895       7.77021
     -85.93992      79.98854       5.28258
     -75.87340      23.56405       5.92495
    -145.74986      60.54870       7.41003
       7.49729      43.77443       5.38087
    -149.61430     -17.55531       6.88481
    -147.49924      64.97800       5.67363
    -147.49852      64.97815       4.27010
    -171.99953     -13.83221       7.26638
     -57.87407     -51.69365       3.86938
    -123.00077      37.69721       5.05583
      -1.24883      44.64595       7.66548
       6.73257       0.33767       6.87754
      14.50354     -22.95035       5.23830
    -101.97803      54.72558       4.72610
     -80.37357      25.75460       5.69757
     160.27141     -77.53273       5.49120
     -31.12639      39.45383       6.88160
     -71.44191      42.30006       4.90329
     -61.58197      15.87533       8.01189
     -38.42561      -3.87745       9.64253
      -7.33665      54.98376       4.33285
     -66.65988      45.93351       6.12175
     -58.98050     -62.19410       5.95288
    -178.12094     -14.30781       8.82148
     162.56470     -78.92767       5.67410
    -123.95609      46.20489       5.20030
     -16.90762      32.64795       7.29324
      -8.58909      41.10602       4.75367
     -94.73681      29.32988       5.83338
     -90.30362      -0.74270       4.65276
    -134.96482     -23.13036       9.65561
      20.32294      49.03471       4.59116
      -0.00601      16.25212       5.04619
      12.24944      44.67690       6.22504
     -81.02290      31.98758       5.49075
     -81.37945      19.29295       6.41027
       8.92114      44.41939       5.41010
      11.92293      54.57443       4.49533
     102.10546       6.22619       8.82505
      -5.36499      36.14818       7.46033
      35.41648      32.47934       5.47300
     -90.30367      -0.74300       3.46610
     -76.49946      37.24854       5.34640
      30.49673      50.36418       5.56610
     -15.63427      27.76478       4.61254
     131.01557      30.55645       6.25578
     -76.82683      39.02173       4.85666
     -76.82709      39.02118       4.23527
     -76.82732      39.02052       4.26248
    -116.88925      35.42516       5.47059
      14.78562      49.91370       4.59790
    -114.17970      40.64017       5.25844
      -9.88072     -40.34883       9.65617
       6.92057      43.75474       3.89168
      15.49348      47.06713       5.00859
     -89.95730      29.26553       5.44885
      -3.50798      47.64801       3.68672
     144.86836      13.58933       7.72387
      87.17731      43.47111       3.30371
     -90.52018      14.59040       7.23618
    -118.28968      28.88406       4.25390
      -4.41182      48.44460       3.72957
    -135.69705      58.41776       9.94238
     144.80271      13.43321       5.84533
      36.09992      29.13887       3.71866
     -90.46763      30.51308       5.55904
      27.70724     -25.88696       4.67568
      27.70776     -25.88711       7.59352
    -120.68207      34.46940       4.67804
      -1.77796      49.58066       4.07481
       7.89309      54.17448       5.60239
    -110.96721      29.09255       4.50314
       0.33627      50.86731       4.43764
       0.33435      50.86748       4.28868
      11.38609      47.31290       5.24535
     115.73858     -31.82552       5.01166
    -155.05269      19.71918       6.51042
       9.96755      57.59110       4.38593
     -95.86338      35.68275       8.29452
     -63.61128      44.68355       4.32792
     142.29621     -10.59037       7.52032
    -157.86455      21.30329       6.43367
     -76.13037      38.58882       4.37646
      19.22306     -34.42463       5.34721
     147.43873     -42.80471       4.14579
       8.29339      54.75875       5.00054
     -15.19792      64.26729       4.76052
      10.15680      54.37292       4.24300
    -128.13500      50.64035       5.81764
    -117.76124      70.73630       4.29990
      -4.64207      53.31773       3.90744
    -123.07473      38.99518       6.33051
     170.10551     -43.77733       9.90737
     -61.70306      15.97961      11.89320
     -95.43299      29.77942      11.07002
      27.68698     -25.89010       4.90625
      -1.28389      51.45374       3.85690
      -6.92030      37.19998       4.28078
      92.53241      10.60951       8.52408
      78.55087      17.41726       6.06395
       1.44897      38.91125       4.59363
     -90.52747      19.85346       6.15657
    -111.11027      43.74612       6.29367
       7.63940      45.01513       5.31150
      -5.10846      33.53963       4.31903
     -58.43932     -34.57224       6.35199
    -115.03180      32.70617       4.14784
       4.55606      52.46197       5.11306
     -51.34338     -20.42778       8.49718
     -48.65572     -28.23484       6.59826
     -47.49723      -5.49177      10.57865
    -102.28420      21.85615       4.96338
    -133.52696      68.30619       6.53970
    -110.33074      24.14527       4.61850
     -68.51050      63.75596       3.83770
     -70.13171     -20.27354       4.73097
     -73.26871      -3.76735      11.13106
     104.31618      52.21902       4.51020
     104.31624      52.21902       5.17665
      44.43840      33.34141       4.54923
     -87.05583       5.54434       9.21506
    -109.34441     -27.12498       6.06953
      29.01934      41.10445       6.04765
     132.89390     -12.65885       6.91877
     132.89453     -12.66015       8.31742
     -76.78087      17.93902       8.49860
      57.76390      25.64949       4.56302
      42.10363      16.69918       6.32237
      30.09616      62.39117       4.81294
      21.03235      52.09784       4.64429
      21.03154      52.09727       5.31228
    -118.17323      34.20482       4.84526
    -118.17430      34.20158       4.27990
      35.20245      31.77115       5.74095
     -81.70148      30.48404       8.54719
      35.14506      33.02282       6.00871
     169.77516     -43.60839       4.85857
       8.41126      49.01125       5.79158
     117.09719     -20.98143       4.72452
     132.15327     -14.37600       7.55018
     132.15250     -14.37508       8.17358
      27.78078      35.95148       6.17088
      35.68828      32.99525       7.66496
     120.97774      13.98688      11.85154
    -122.89607      46.11818       5.95177
     -50.94484      66.98742       5.03038
    -151.35018      60.67508       6.88165
      70.25552     -49.35147       6.60066
      70.21793     -49.35218       7.53891
     139.48853      35.70677       4.58662
     139.48812      35.71034       5.90782
     135.04616      48.52145       4.45646
      36.23901      50.00510       6.52786
      -5.05234      58.45877       4.62041
      21.06024      67.87758       7.05644
     172.92290       1.35458       7.51531
      20.96845      67.85735       5.72206
      66.88545      39.13477       6.80541
      21.11888      55.71536       4.77247
     -63.52739      81.25271       5.31467
    -152.19343      57.61769       6.52192
    -152.50138      57.73511       5.17408
    -159.75817      21.98349       7.68521
    -159.66493      22.12626       5.97828
      -3.90241      47.86575       3.65256
      13.72456      45.54811       4.82955
       5.80964      52.17843       4.62293
     -52.80597       5.25219       7.54308
     164.28734     -20.55869       5.15405
     -52.63975       5.09847       7.97343
     -52.80596       5.25218       7.15992
      70.25551     -49.35154       6.62539
      17.12503      39.07994       5.20334
      92.79383      55.99325       6.47206
      78.61906      50.71395       6.81447
     140.65767      35.95537       6.74070
     -35.57631      66.86328       4.41973
      33.96946      44.39289       7.95704
     103.13915       5.31889       8.66820
     -57.22705      74.58062       4.63849
     -37.14936      65.57933       4.90078
      78.19039      41.86353       4.55051
     102.79720      25.02954       7.18488
     -77.74544      55.27836       5.65537
      47.97149      29.32497       5.19312
     167.73024       8.72221       9.97914
     -81.75428      24.55369       6.20637
     -81.65303      24.58227       6.12438
     146.99319      -6.67371       7.10347
      -8.66838      37.09894       3.63504
     -61.16311      14.81296       8.85791
      20.66994      53.89240       4.89688
      12.60566      35.49977       4.96544
     133.21276     -15.57316       6.90447
     177.44658     -17.60881       6.51406
      80.95589      26.91244       8.76829
     159.07852     -31.54146       5.24174
    -118.32175      34.13460       4.64911
     -85.03119       9.94537       7.05170
      91.10399      29.65734       5.72027
      34.86631      31.37782       4.79916
      91.10403      29.65733       5.44324
     -65.59525     -38.00266       4.88184
    -159.33925      21.98456       7.47486
      -3.01823      53.44970       3.87123
     -95.14575      29.91346       6.24932
     -57.85074     -51.69841       4.45334
       1.97305      42.47813       5.84128
     -60.99618      14.59482       7.03559
     -97.48074      36.68545       4.17938
     159.06120     -31.51989       5.21416
       1.75020      52.47323       4.52016
     -17.89383      28.76387       4.04503
    -110.31935      24.13880       4.13820
     -57.93230     -34.90675       5.98087
     167.26378     -20.91799       6.73665
      -4.76040      48.44626       3.57355
      -1.21932      46.15894       3.69814
      -1.14027      60.15405       3.80801
     -40.19805      64.43048       6.23126
     172.72222     -43.60584       4.81008
     158.93583     -54.49953       3.84608
      -4.24966      40.42916       6.15110
     168.05759     -14.96807      11.47855
     150.77002      59.57575       3.48412
     171.36452       7.11915       6.78889
      40.19414      -2.99606       4.54086
      -4.39353      36.72612       4.66688
      73.52629       4.18868       9.17585
      40.19440      -2.99591       8.63069
       2.62455      39.55263       5.59551
     -86.24899      12.14894       7.06352
     -51.09734       0.04669       9.50653
      17.25853      60.59514       4.99760
     -71.62443      10.67398      10.79891
     -65.69462      77.18704       4.88885
      37.86099     -46.87646      11.15093
       5.35379      43.27877       5.40947
     -15.63328      27.76374       3.82374
      16.70455      40.64906       4.97091
      16.70446      40.64913       4.55711
    -156.25702      20.70665       4.38164
      62.87072     -67.60477       3.53435
     -67.15887      18.21759       7.66226
      30.73788      -0.60147       4.81975
     -82.53232      27.84982       5.97272
     153.97866      24.29009       4.51675
     166.66933     -77.83835       8.32197
    -104.01499      30.68051       5.71128
     -76.45388      38.31892       5.08414
      37.21450      56.02149       5.62112
      37.22359      56.02748       7.94061
      11.64681      44.51996       5.28330
     -89.62032      20.98005       5.81484
      34.25585      36.56639       7.86937
      24.39532      60.21747       4.83800
      24.39533      60.21748       6.41861
      25.53997     -25.80502       4.70490
     -69.39792     -35.77735       4.19271
    -121.64258      37.34153       4.25384
     -80.16017      25.73281       6.05613
    -120.35139      34.03826       4.95956
      31.97284      46.97278       5.59866
     -87.88845      43.00254       6.67651
     141.13283      39.13517       5.45896
    -155.45634      19.80135       5.45690
     -87.39181      32.09026       6.93327
     -88.02410      30.22752       6.54023
      36.56971      55.11488       7.86423
      36.56952      55.11488       8.01575
     144.97534     -37.82941       3.33831
    -116.42235      32.89194       4.55412
      -1.68550      55.21279       6.70123
     -57.57130     -38.00577       4.96033
     -57.53114     -38.03560       6.40500
    -105.24920      20.67900       6.28984
     172.65470     -43.70273       4.33891
    -109.71764      23.16045       5.12442
     170.46494     -43.98570       5.28461
    -100.31291      25.71551       5.69219
      85.52122      27.69272      11.29554
     -61.68872      56.53698       4.40439
      42.04465      19.21142       4.69827
    -124.08648      49.29481       5.90764
     -81.77629      26.14864       7.01043
     -77.46226      25.05254       6.75812
     166.92555      -0.55173       6.34071
     -60.05502      -3.02292      22.39853
     -75.75134      36.18168       4.58348
     -89.61028      30.35628       6.00004
    -124.62491      48.29786       6.96208
     -47.92497     -25.02024       7.16572
      -5.54279      50.10303       4.59601
       7.22726      43.70326       4.51981
      33.39645      35.14099       4.93604
    -105.26260      39.99507       5.07518
    -105.26225      39.99543       5.21277
    -169.92707     -19.07653       5.85678
     -74.80290      39.10067       4.32594
     -74.53082      39.47452       4.90275
     -74.17770      40.74148       5.05227
       9.67212       0.35391       5.62763
     -91.57490      41.77159       6.00589
     166.44251     -22.26479       5.43889
     116.19272     -31.04874       3.82941
     -44.90106      61.63188       6.44014
     167.93883     -29.04335       5.00482
      14.98979      36.87584       5.18652
      14.98981      36.87611       5.20546
     166.41020     -22.26985       5.06865
      82.90949      55.03050       7.92756
      -0.33964      51.42098       3.91271
     174.11817     -39.18256       7.16727
     -71.32754      41.50985       4.64211
     -75.62383      45.45416       5.71000
      35.03604      30.03842       4.44450
      88.35978      69.36183       6.22982
     -77.02440      38.82075       6.06962
     166.48488     -22.22833       5.41985
      -1.43257      55.00891       4.13569
      44.50293      40.22646       4.78247
    -116.97268      32.57931       4.29913
      -1.43987      55.00742       4.88450
     103.67996       1.34580       6.47348
      30.08968      -1.94455       5.05904
      83.23544      54.84061       7.66249
      11.86531      78.92955       5.61981
      11.86509      78.92958       5.87269
     -74.01432      40.70107       5.35638
     -73.73008      40.71953       4.44025
     -96.71674      17.07834       6.33056
      11.27987      48.08617       5.69911
      11.27980      48.08618       4.91994
    -102.31516      31.87393       5.64382
    -117.04177      33.13061       4.52268
     -57.90133     -63.32108       5.73317
     -57.90139     -63.32109       5.73105
     -57.90034     -63.32072       7.63103
     -88.86248      34.09026       7.60384
      11.92552      57.39530       4.29961
       2.92229      51.22541       4.14173
       2.33494      48.83592       4.36541
      20.79405      41.12731       5.81370
      10.36776      59.73659       5.33354
     127.02403      37.07757       3.87173
      -1.51250      12.35639       6.53412
     170.51093     -45.86947       4.23455
     170.51092     -45.86950       4.77098
     -96.05488      16.51997       7.31980
    -123.72620      38.92835       3.42404
     140.85831      43.20953       7.64772
     139.48919      42.07879       4.87318
     140.85921      40.89750       5.09121
     139.70346      39.94212       4.15512
     139.54596      38.56334       4.95426
     140.96241      37.83079       4.61434
     140.24945      35.12938       4.98150
     139.61553      35.16015       6.09930
     138.28125      37.81476       4.25166
     138.50851      37.35654       4.71163
     136.90032      37.40573       6.43699
     136.14884      36.25458       4.46200
     139.13296      34.89549       7.27333
     138.76420      34.80690       6.13001
     138.32741      34.87067       5.32333
     136.82384      34.90397       4.95243
     135.19154      34.14415       4.93429
     134.31593      35.59369       4.52160
     131.60465      34.62759       4.92370
     133.24350      33.33350       5.50705
     129.84929      33.47308       5.39764
     131.66960      32.42862       5.32704
     130.19106      32.01741      10.35405
     127.82467      26.17947       5.02429
    -124.23704      40.69109       4.11073
     141.68533      45.40782       4.13364
     144.28579      44.01941       3.99817
     144.37140      42.97557       3.54295
     140.72453      41.78166       4.33282
     139.82492      34.91879       4.28967
     137.22457      36.76217       4.85242
     135.77319      33.47595       5.07364
     132.06621      34.89731       4.59039
     129.86620      32.73512       6.22233
     131.40930      31.57697       6.79397
     127.66521      26.21333       6.37881
     142.19461      27.09394       6.54487
    -122.21906      37.86390       4.08257
    -121.90541      36.62168       6.14697
    -124.25348      43.39552       4.25242
    -123.50328      48.05955       6.66097
      11.89606      45.41115       4.45821
      80.70262       7.27275      10.64938
     -64.05112     -64.77509       4.96406
    -149.57272     -17.53308       8.22525
     -75.17633      40.01316       4.93681
     -49.23095     -25.44837       5.76272
     -70.87988     -53.13695       7.06263
     148.26461     -32.99877       4.00585
      -1.93152      43.32176       4.40406
    -106.41393      31.76977       6.43502
      21.78675      38.28366       5.73201
     -95.71851      31.77827       7.82583
      98.52622      -0.03160       7.59994
      -2.45748      50.52178       3.66751
    -122.41895      37.85305       4.93057
      92.71225      11.63781       6.97073
      92.71214      11.63778       6.54091
     -87.18942      30.46902       5.78438
     -25.66276      37.74775       4.76844
      19.28153      47.78960       5.18197
     115.88525     -31.80197       4.57807
     158.60708      53.06673       5.13533
     158.65013      53.02330       5.22335
    -123.45113      48.64853       5.42393
      31.34340      29.86155       5.97158
     -90.16197      51.47981       5.28708
    -108.11893      34.30151       3.86959
     121.07773      14.63572       7.65263
    -116.45816      33.61216       5.76788
    -117.24303      32.66542       3.59434
     -34.03346      66.89773       4.88730
     -15.40761      28.14671       4.46330
      -1.11120      50.80233       4.13315
      -4.12618      50.41647       3.91107
     -85.67819      30.20459       5.57200
     147.36601      -2.04323       7.34829
     -51.11976     -30.07404       6.44308
     158.21012       6.95994       9.27708
      74.69427      42.67977       4.31953
      34.54293      49.60261       5.11150
     -70.70953      43.07102       6.14743
    -116.59086      32.61841       4.23925
      13.06609      52.37930       4.53535
     -63.89632      -8.70934      12.99451
    -122.38995      37.18709       5.35342
     -51.40853     -22.11990       7.27272
     -97.51925      34.97987       5.12596
    -114.29350      50.87135       4.79439
      28.22404     -25.74635       4.79447
       5.37271      43.27676       4.97067
     -67.04537      17.97040       6.46672
     121.04077      14.53544       5.91242
      10.45975      52.29619       4.65525
     150.91370     -34.47555       4.67534
     141.61347     -38.34440       3.76611
    -123.01872      37.99617       4.36764
    -124.25520      41.78274       4.88005
     138.48572     -35.09470       3.74637
     -67.06696      18.46298       7.41592
     -67.06684      18.46319       7.69629
    -118.40425      33.74330       4.09215
    -118.40425      33.74329       3.72668
     -52.68837      70.74040       5.29100
     -46.04776      60.71526       3.80716
     -64.03367      67.55934       4.15251
    -125.33083      50.13250       7.18288
     169.81583     -43.53166       7.28758
     -78.49361      -0.21516       5.06412
    -120.94443      39.97455       6.80593
      -6.85429      33.99810       4.19627
      34.76314      30.59761       4.08565
      32.07838     -28.79555       5.54938
    -119.72000      34.49998       4.53283
      36.89348      -1.22083       4.72579
     -80.38407      25.61410       5.71362
     -34.95152      -8.05096       6.62126
     -75.56998      39.56145       5.78809
       5.14488      50.00150       4.13949
      17.11753      54.47238       4.48634
     -94.89369      74.69082       4.42699
      55.57172     -21.20823       7.01581
     -21.95549      64.13878       4.28588
     -21.95548      64.13879       4.49656
     -77.42966      37.53790       5.36786
      24.05877      56.94862       5.19689
     -50.99396      71.84850       5.40167
     -67.75112     -53.78547       3.92298
     -67.80281      -9.96546      10.99334
     -78.65111      -1.65060       5.62826
      -6.20626      36.46427       4.78653
     163.19011     -77.03444       4.36937
     -52.95209     -22.52330       6.79268
      -3.96573      48.71844       4.09134
     -68.12578     -67.57139       6.28744
     150.79008     -23.16099       6.52602
     -65.10725     -43.29888       5.62605
     -76.70935      39.25463       4.78598
     -74.23440      40.68053       4.38746
     -66.64234      45.95014       4.60026
     137.93433     -32.47029       4.51925
      -1.80579      46.53003       4.71669
    -125.24986      71.99033       5.18859
     -83.83777      43.62864       5.88537
     -67.05778      -0.14385      10.29636
     -44.21248      -2.59346       7.53038
     -38.51236     -13.00867       7.81401
    -171.73842     -13.84921       7.86628
      98.71472       3.62161       8.95791
     167.20320     -15.44714       7.16963
     -70.66855     -33.15029       4.68914
    -121.44718      36.76530       4.19263
       9.40251      41.85833       6.22515
      -2.76981      47.52449       3.40019
    -106.39835      52.19626       4.65758
      13.64329      54.51359       5.36636
     -81.69634      32.13860       5.77305
     -38.43225     -12.93925       5.74911
      17.87921     -29.66933       4.36365
    -122.41044      37.68622       7.04456
    -123.00761      48.54619       5.86914
     -79.93800      32.78292       5.68236
     -66.83262      54.83209       5.12752
     -79.92536      32.77948       6.06712
     -78.73525      33.93993       5.17953
      -6.29580      49.91456       4.02318
    -118.48794      32.91443       4.56091
      -1.68168      43.39523       4.60024
     -21.95034      70.48533       4.41930
     -75.76232      20.01206       6.76867
    -122.30948      47.65398       6.18557
      77.01690      43.17873       5.71997
       3.69912      43.39765       4.11544
      55.47940      -4.67372       9.71026
      -6.20565      36.46435       4.02339
      25.04655      60.20019       5.06832
     -73.12496      40.91468       5.24826
     -99.18861      19.74124       6.53599
     126.95553      37.46252       6.59327
      24.96116      60.20385       4.63859
      79.87417       6.89207       6.72371
     121.20044      31.09964       5.09584
      75.31547      42.62071       5.55661
     -64.55201      46.22069       4.28311
       0.74341      51.44568       5.39707
     -74.01160      40.47149       5.15586
       0.82702      51.55479       3.97006
      18.43957     -34.18794       5.77893
    -117.25041      32.86470       3.93674
    -117.24969      32.84073       4.49041
       4.67658      45.87908       3.98226
      21.04829      64.87920       5.01666
     -95.19678      16.16843       8.39889
      55.28802     -21.19596       9.50228
     135.93695      33.57786       5.54471
      -2.02747      48.64108       4.90562
     -79.15806      35.47353       4.45071
    -119.52436      33.24787       4.66235
      23.39473      42.55609       6.38441
     -76.45389      38.31888       5.35418
      46.40057      24.91068       3.30482
     -61.66272      16.04498       9.02352
     147.93085     -42.54644       4.62814
    -118.64616      34.05934       3.95210
      16.43845      43.50664       5.15119
    -115.46586      31.04504       4.81641
      12.89135      57.71496       4.06378
     -54.39370      72.91068       4.65747
    -120.06522      34.00433       4.63115
     -38.51648     -12.97516       6.93094
     -89.11660      13.69709       6.74841
       5.59862      59.01771       4.10023
      -5.66735     -15.94253       4.79951
     -52.67830      47.59523       5.84858
     -52.67775      47.59524       4.39763
     141.84482      43.52865       6.39143
     -89.75869      38.61109       7.09260
     145.21404     -38.37518       4.05007
     -91.90331      44.30395       4.94848
     149.01005     -35.31553       4.63318
     149.01015     -35.31616       4.81258
     -64.97445      18.34009       7.76100
      24.01449      49.83559       5.52538
      73.99711      44.20813       7.56540
     153.03530     -27.48489       8.64165
      20.81046     -32.38021       3.95073
      20.81091     -32.38143       3.93563
     127.05424      37.27551       4.72587
      29.78088      60.53286       4.86188
      -3.98177      51.56556       4.04573
      -6.38895      58.20759       3.84714
     151.15038     -33.78088       4.14359
      39.58374     -69.00696       4.16694
    -117.67828      34.38185       5.39840
    -149.60619     -17.57703       7.59170
     174.76989     -36.84360       5.27002
      72.21045      42.44547       6.43475
      -0.86172       9.55426       6.98583
     -97.86403      22.27832       6.08034
      39.20792      -6.76559       6.79366
      -5.60262      36.00851       6.33308
      69.29557      41.32805       5.08455
    -149.47553     -23.34180       5.68700
      51.33409      35.69728       3.63801
      34.78090      32.06800       4.85951
     -27.15299      38.71899       6.93244
       5.21939      53.36274       5.22274
      -5.36301      35.56164       7.12757
    -125.90784      49.15414       6.01373
       6.74792      53.55743       5.32356
       8.85917      54.12174       4.86343
       8.68705      54.73051       5.28135
       7.55475      58.00638       4.41341
       7.18628      53.33677       6.87808
       7.03068      53.32717       5.89491
       8.09264      53.77171       7.94994
      15.65103      38.10832       6.98276
    -149.60645     -17.57706       6.82711
     -68.78801      76.53734       8.44909
     -68.82504      76.53705       4.51991
    -122.44760      37.89087       5.01688
     148.98000     -35.39920       5.32737
     -42.28615      62.53554       5.61860
       6.43163      51.03531       4.76452
     128.86642      71.63447       6.02617
     128.86639      71.63446       7.85110
       1.48089      43.56069       4.03658
    -105.23271      40.13093       8.81337
     -16.24115      28.47718       6.33578
     -85.37805      35.39048       5.05275
     120.98734      24.79795       4.82319
      11.99995      42.06401       4.15293
    -175.17922     -21.14471       6.77329
     -48.33068     -10.17105      10.58837
       7.66128      45.06337       6.47784
    -118.33060      33.79780       4.20666
      -6.76452      62.02330       5.47770
       1.48076      43.56077       4.66196
     147.05569     -19.26928       5.56182
      39.77556      40.99471       5.72442
    -117.80343      33.61793       5.03788
      10.31916      63.37138       5.36224
     -41.37507      64.27707       6.32130
      13.76352      45.70976       4.36272
      18.93965      69.66272       5.17452
      18.93833      69.66275       5.34127
     140.08750      36.10568       6.10225
      29.45068      40.78673       5.08025
      24.07056      35.53319       4.98512
     -65.23035     -26.84326       7.43401
    -132.99435      69.43824       5.03029
     179.19656      -8.52529       7.00703
     -94.77264      29.32787       6.19981
     -94.78930      29.28514       5.64746
    -118.44191      34.06912       4.77654
    -125.54164      48.92564       5.41733
     -70.40927     -23.67897       4.86115
    -104.40153      19.12410       6.46434
    -122.45815      37.76297       4.14919
     107.05233      47.86507       3.75865
      31.42092     -28.29312       5.10847
      -5.15937      57.89497       5.86226
     116.11203       6.03923       7.28359
     -66.64170      45.95021       6.20501
     -99.18130      19.31270       6.37088
      12.35570      43.11939       5.12551
     -86.86817      20.86850       6.43901
     -65.40764     -24.72746       5.97433
      11.87793      45.40672       5.18395
    -155.88381      20.24589       9.55231
      87.60067      43.80795       5.24867
    -118.28511      34.02395       5.86023
    -120.66109      35.31180       5.38997
    -109.68105      29.82165       4.92272
     -77.06627      38.92057       4.85237
     -76.47939      38.98335       6.77305
     -77.06623      38.91896       5.68607
     138.36204      36.13311       8.46784
      22.29762      48.63198       5.62629
      21.77064      62.96119       8.18677
      13.72418      49.13379       4.67716
      57.49704     -20.29708       7.23181
     -76.49937      37.24862       5.78575
     -77.56417      48.09706       5.70260
      -0.33765      39.48083       4.36640
     -71.63503     -33.02793       6.61432
     -71.62609     -33.02724       3.99852
    -120.56351      34.82661       5.18830
     168.31515     -17.74397       6.32959
      31.03119      70.33637       4.86708
     168.15611     -15.48254       8.67622
     -62.26923     -38.70077       5.71059
     -99.21732      36.07171       5.26670
      12.35408      45.43057       4.84003
      12.33198      45.43698       7.17183
      -2.84178     -71.67380       4.58354
      -8.81307      42.18398       3.84288
     -64.79813      17.71618       7.89394
      16.55993      64.69785       5.38746
     168.31950     -17.72889       7.33887
      -3.95198      40.44359       4.25594
     -75.68701      37.60835       4.86628
      18.36732      57.65387       4.97018
     -64.96921      18.34333       7.41634
       3.59733      51.44288       4.30738
     -64.25416     -65.24601       4.54913
    -120.61645      34.55631       6.39066
     -72.30861      18.52868       7.89570
    -118.29382      33.71264       3.91335
     -72.47757      43.28147       5.12824
       7.46425      46.92375       3.96893
     174.66278     -36.43441       5.13783
      12.10142      54.16979       4.31954
     -77.06623      38.92045       5.37747
     -77.06630      38.92057       4.91945
     174.77871     -41.27265       6.01418
     -71.49333      42.61334       4.99773
       1.13034      52.94487       4.46177
     174.80589     -41.32346       5.11204
     174.78159     -41.29044       5.76064
    -118.03117      33.97988       4.70872
    -135.22211      60.75051       6.08150
     154.22012     -79.84570       5.13120
    -116.39178      33.93476       5.94161
    -122.16781      52.23687       5.45868
      17.08943     -22.57492       4.55598
    -122.14057      37.65264       6.55013
     -92.01521      46.70506       5.27864
      18.41875      54.79676       5.03748
     -92.78191      31.89723      11.12653
     153.03527     -27.48496       5.69088
    -118.42761      33.95815       6.03826
      17.06204      51.11326       4.94392
    -122.92119      50.12654       9.12560
    -106.34983      32.40714       6.08082
       6.60451      52.91461       4.30198
      12.87890      49.14423       4.27155
      12.87893      49.14420       4.84406
      12.87891      49.14420       4.64660
      12.87863      49.14479       4.52077
      12.87894      49.14423       4.86210
      12.87890      49.14421       4.52007
     114.35726      30.53165       6.54038
     -83.10815      29.63101       5.91170
     109.22149      34.36867       5.05797
     105.68850     -10.44997       6.48275
     129.68030      62.03096       5.63866
     115.34698     -29.04655       5.99559
     115.34715     -29.04650       3.25617
     115.34697     -29.04659       4.62506
     -63.67998     -22.01710       6.19642
      -3.08863      40.52490       4.41774
    -114.48084      62.48132       5.18370
    -114.48070      62.48089       5.08005
      56.11233      22.18646       4.06805
      -5.24009       6.87056       5.41845
      34.92827      30.99157       4.07049
     142.71672      47.02974       5.37538
      28.31101     -15.42554       6.45262
      41.56507      43.78839       5.55572
       3.20823      51.33586       3.77839
    -157.92082      21.31299       7.02118
       7.46503      46.87709       4.22688
       7.46510      46.87714       4.79542
       7.46528      46.87710       4.46013
     -65.99348      18.43134       7.02673
      36.75839      55.69928       6.47506
      36.75863      55.69928       7.87862
