     139.54766      39.18556       5.98752
    -160.47676      55.34928       4.32224
    -168.06213      65.61498       7.07248
    -165.37346      64.56450       5.45133
    -176.66265      51.86415       4.89046
    -138.89881      59.34037       9.71601
    -135.22830      59.52804       9.16674
    -134.54530      58.41678      10.90049
      -2.08022      57.14401       4.46023
     -61.52754      16.26230       7.13761
      47.22921     -19.01831       6.04930
    -149.72401      60.48133       7.21662
      -8.39893      43.36438       5.35905
     -70.88659      41.74325       4.25653
     -61.08646      16.29686       6.87860
     138.64735     -34.72900       5.37269
      38.76630       9.03513       6.53415
     130.59959      31.82406       6.11242
    -131.59954      55.06907       7.36643
       8.76261      41.92746       4.83076
      -0.48123      38.33892       4.44805
    -123.48747      48.38978       5.44931
     117.81018     -34.95023       4.07935
     -88.07798      30.24917       5.84953
     -78.07137      45.95580       4.95430
     133.88552     -23.67012       5.05944
      -2.45945      36.85253       6.22934
      34.60665      31.70794       4.32534
     -62.34046      82.49429       5.64296
     167.67930     -15.41952       8.90685
       0.99433      49.85939       3.80395
    -104.52459      38.80312       3.61345
      35.87954      32.02855       4.82241
      16.13482      69.32606       4.76416
      16.00870      69.27837       5.46118
     -95.48507      29.30148       6.95325
      32.75847      39.88737       5.20650
     -76.60925      39.01029       5.25959
     -71.53205     -37.33870       6.93658
     -98.57664      29.49121       7.28928
    -118.83032      34.15744       5.54322
     -80.16220      25.73469       5.96060
     -71.49279     -16.46551       4.91798
     -71.49280     -16.46552       4.75809
      -6.78352      61.99737       4.15221
     -97.05896      27.83835       5.36461
      58.56046      56.42982       5.70017
     -14.41207      -7.95121       5.76503
     -82.54620      35.59945       5.35379
    -170.72243     -14.32610       7.20939
     174.83439     -36.60284       4.36819
     174.77042     -36.84376       4.97659
     -97.75632      30.31170       8.28590
      23.00372      40.56682       4.91714
     -68.30357     -54.83953       7.33803
    -166.54184      53.87564       5.18784
     167.09334     -15.64359       8.08510
     102.23498      51.76971       4.76814
      50.60815      26.20914       4.61055
     -68.26333      49.18683       6.17769
     -96.00234      64.31782       4.71923
     106.84891      -6.49105       6.96304
      49.81441      40.37217       5.78057
    -125.13510      48.83533       8.32367
      77.51162      13.03432       6.54764
    -119.02973      33.48045       4.19174
     -68.22169      44.39505       4.32836
    -162.70716      55.19027       6.57865
    -162.70676      55.19042       6.20746
    -126.84264      50.54428       6.49449
       3.13670      42.51532       5.82294
     -48.46255      -1.40879       9.55336
       1.40114      41.59962       4.87616
      -1.53691      43.47196       3.80583
     166.45338      68.06531       5.97067
     166.43796      68.07613       6.14907
     113.09434       3.24032       8.52853
     113.06722       3.26151       8.66611
    -135.53930      56.85449       6.01407
       2.45002       6.38466       5.58492
     115.89249      39.60860       4.24416
     116.22413      40.24533       4.80374
     168.29209     -46.58506       3.69166
    -114.71485      33.61042       5.80586
      -1.82961      49.65920       3.80500
     152.32100     -24.90822       6.35479
     -60.70111       2.84518      10.72870
      21.03534      52.47595       4.14340
     -74.08094       4.64007       6.17031
     -43.42174     -13.25556       8.17450
      17.07346      52.27696       3.98678
       6.66643      53.57891       4.73049
       6.74745      53.56364       5.26652
     -47.87787     -15.94747       8.75341
    -119.68263      48.13152       5.05477
     -38.42554      -3.87745       5.62338
     -64.69627      32.37040       4.28485
     122.20908     -18.00398       5.29306
      -4.49659      48.38049       4.18313
     -69.94658      43.88982       5.63765
       4.35922      50.79782       3.79118
       4.35856      50.79806       4.27378
      35.02298      32.77898       6.11101
      26.12574      44.46394       6.03656
      12.50002      55.73902       3.99248
     -58.51930     -34.57370       5.79610
     -77.01042       3.88202       7.78374
     145.91485     -41.05007       4.21346
     -66.16120      18.40784       6.99421
    -124.56335      42.83610       4.20616
    -124.18430      41.74560       4.20129
       8.97275      39.13591       4.96612
     -75.80733      45.58502       7.68956
       8.97276      39.13589       5.26667
     -77.14932     -12.06288       5.19240
     -90.54017      19.84443       6.27654
      -3.79806      43.47198       4.25281
    -120.43084      35.88835       5.87726
     -75.53385      10.39133       6.91321
     110.51971     -66.28336       4.19703
    -118.89666      37.64464       7.15828
      -9.41852      38.69342       4.20657
     -77.87539      34.34465       6.30280
    -118.48301      33.44577       4.21666
    -118.33381      33.31162       3.95540
     -65.77412     -28.47098       6.15630
     -52.30997       4.94877       9.98716
     142.19503      27.06753       6.68826
     142.18458      27.09558       6.93819
     -80.54523      28.46023       6.54534
     -80.54548      28.45996       5.31058
      -4.36785      40.45343       5.24935
     133.80983     -31.86667       4.37938
     -40.31945     -20.31079       6.82753
      -5.30639      35.89197       6.25586
      -5.31133      35.89605       5.97042
     -68.23265     -31.60217       4.13997
     -79.84287      32.75757       6.27839
     125.44420      43.79069       4.91351
    -176.56584     -43.95579       4.52205
     -84.46565      45.65349       7.48086
     -88.29922      18.49528       6.52989
     -81.80713      24.55048       5.92895
      -0.40770      46.13346       3.82381
     -75.08769      38.77679       5.52395
     -44.98516     -22.68715       6.93599
     -69.95005      41.67120       6.07889
    -176.61711     -43.73547       3.71235
      74.75110      42.99850       5.70023
     -94.08873      58.75908       4.39060
    -122.00843      49.15661       6.14281
    -116.66576      31.87068       4.13230
    -118.12728      34.13671       4.10148
    -159.80061     -21.20103       7.68387
     153.26654     -27.52615       5.06049
    -124.39633      40.44177       6.42954
     -86.82090      21.17465       5.83954
     169.85585     -43.66624       5.31645
     145.74309      15.22970       6.67054
       7.01573      43.55458       4.36040
      96.83397     -12.18835       5.51441
     -81.12168      34.08100       6.05696
     -73.02538     -36.84284       4.52189
     -73.02548     -36.84376       4.41579
     -70.33824     -27.38453       4.15457
     -97.44168      27.74080       9.45170
    -123.30460      44.58554       5.65373
    -117.80889      35.98234       4.88531
    -110.97188      32.22446       5.23403
       2.37412      51.02295       3.95193
     -75.71270      36.90463       8.44919
     -71.89208     -45.51434       5.69624
    -122.25652      46.84009       4.96754
      33.99098      44.41326       6.42108
     166.66824     -77.84804       4.67023
    -117.09968      34.03905       4.19543
     -64.58432      17.75690       6.27401
    -119.78481      34.02926       4.14424
      34.89019      32.48825       3.73809
     -72.04972      41.33530       4.11908
     -71.88914      41.89970       5.29810
      18.46855     -33.95144       5.97432
     -72.48794       7.89846       9.04797
     -56.06987     -15.55526       8.95448
     -65.28252      18.30744       6.61495
     100.53392      13.73592       8.08942
      40.07140      12.06612       6.73842
     127.37448      36.39943       4.70256
     -17.46510      14.68454       4.81358
     -17.43947      14.72123       5.71125
     130.89149     -12.42401       7.54657
     131.13274     -12.84370       7.74852
      77.97261     -68.57732       3.41843
      23.99264     -30.66521       4.47842
      72.37024      -7.26969       5.86706
       2.34475      50.99365       4.21664
      -2.07598      48.58993       3.98420
       1.66164       9.69206       7.22709
     -61.67766      76.35162       4.65913
     -75.52360      39.16009       5.17528
      35.39207      31.59320       4.90684
    -119.62498      49.32262       5.62381
      35.36882      31.03691       5.02274
     -95.86618      50.25881       4.86515
     140.00196     -66.66508       5.61312
     170.59717     -45.88366       3.83410
     170.62941     -45.81432       5.09661
    -122.08016      47.77410       7.71208
      23.93243      38.07855       6.72270
       0.49236      40.82089       6.03927
      -3.29479      55.92479       4.63643
      15.08208      37.51360       5.71002
    -147.11297      64.68794       8.58498
    -109.38329     -27.14821       9.32222
      34.92060      29.50928       5.13905
     -89.86761      16.91606       7.19680
      35.77065      33.18201       5.82390
     -89.94173      29.87896       8.54547
     -66.99213      44.90871       4.39294
       1.56756      50.68035       3.82066
       8.45683      55.49357       4.80122
       8.43977      55.46027       4.98384
       0.97567      42.69358       6.58986
     -64.79871      47.07340       4.93612
     121.89432     -33.87432       3.90418
     167.19192     -15.97367       9.79380
     -86.36213      13.09954       8.55602
      38.76282       9.01986       6.56276
     -85.93759      79.98895       7.65021
     -85.93992      79.98854       5.25921
     -75.87340      23.56405       5.92521
    -145.74986      60.54870       7.41075
       7.49729      43.77443       5.40518
    -149.61430     -17.55531       6.88498
    -147.49924      64.97800       5.67759
    -147.49852      64.97815       4.27051
    -171.99953     -13.83221       7.26635
     -57.87407     -51.69365       3.86688
    -123.00077      37.69721       5.05220
      -1.24883      44.64595       7.66171
       6.73257       0.33767       6.87999
      14.50354     -22.95035       5.23816
    -101.97803      54.72558       4.72739
     -80.37357      25.75460       5.69926
     160.27141     -77.53273       5.50019
     -31.12639      39.45383       6.87942
     -71.44191      42.30006       4.90196
     -61.58197      15.87533       8.00721
     -38.42561      -3.87745       9.64287
      -7.33665      54.98376       4.31914
     -66.65988      45.93351       6.13207
     -58.98050     -62.19410       5.95965
    -178.12094     -14.30781       8.82153
     162.56470     -78.92767       5.68086
    -123.95609      46.20489       5.20193
     -16.90762      32.64795       7.29262
      -8.58909      41.10602       4.75456
     -94.73681      29.32988       5.83763
     -90.30362      -0.74270       4.65262
    -134.96482     -23.13036       9.65493
      20.32294      49.03471       4.59651
      -0.00601      16.25212       5.04608
      12.24944      44.67690       6.24677
     -81.02290      31.98758       5.49148
     -81.37945      19.29295       6.41060
       8.92114      44.41939       5.41760
      11.92293      54.57443       4.52898
     102.10546       6.22619       8.82437
      -5.36499      36.14818       7.46431
      35.41648      32.47934       5.47344
     -90.30367      -0.74300       3.46655
     -76.49946      37.24854       5.34784
      30.49673      50.36418       5.56295
     -15.63427      27.76478       4.61329
     131.01557      30.55645       6.25637
     -76.82683      39.02173       4.85669
     -76.82709      39.02118       4.23512
     -76.82732      39.02052       4.26261
    -116.88925      35.42516       5.46584
      14.78562      49.91370       4.60288
    -114.17970      40.64017       5.26507
      -9.88072     -40.34883       9.65621
       6.92057      43.75474       3.88957
      15.49348      47.06713       5.01566
     -89.95730      29.26553       5.44796
      -3.50798      47.64801       3.68891
     144.86836      13.58933       7.72285
      87.17731      43.47111       3.30451
     -90.52018      14.59040       7.23728
    -118.28968      28.88406       4.25428
      -4.41182      48.44460       3.73232
    -135.69705      58.41776       9.95240
     144.80271      13.43321       5.84492
      36.09992      29.13887       3.71735
     -90.46763      30.51308       5.55849
      27.70724     -25.88696       4.67761
      27.70776     -25.88711       7.59482
    -120.68207      34.46940       4.67870
      -1.77796      49.58066       4.07779
       7.89309      54.17448       5.60041
    -110.96721      29.09255       4.50341
       0.33627      50.86731       4.43482
       0.33435      50.86748       4.28677
      11.38609      47.31290       5.24971
     115.73858     -31.82552       5.01259
    -155.05269      19.71918       6.51044
       9.96755      57.59110       4.37350
     -95.86338      35.68275       8.28938
     -63.61128      44.68355       4.32766
     142.29621     -10.59037       7.52228
    -157.86455      21.30329       6.43353
     -76.13037      38.58882       4.37682
      19.22306     -34.42463       5.34603
     147.43873     -42.80471       4.14510
       8.29339      54.75875       4.99185
     -15.19792      64.26729       4.76468
      10.15680      54.37292       4.24118
    -128.13500      50.64035       5.81701
    -117.76124      70.73630       4.30149
      -4.64207      53.31773       3.90138
    -123.07473      38.99518       6.33265
     170.10551     -43.77733       9.95027
     -61.70306      15.97961      11.88862
     -95.43299      29.77942      11.08195
      27.68698     -25.89010       4.90752
      -1.28389      51.45374       3.85990
      -6.92030      37.19998       4.29926
      92.53241      10.60951       8.52327
      78.55087      17.41726       6.06437
       1.44897      38.91125       4.58917
     -90.52747      19.85346       6.16011
    -111.11027      43.74612       6.30106
       7.63940      45.01513       5.31158
      -5.10846      33.53963       4.31968
     -58.43932     -34.57224       6.35015
    -115.03180      32.70617       4.14611
       4.55606      52.46197       5.08457
     -51.34338     -20.42778       8.49628
     -48.65572     -28.23484       6.59694
     -47.49723      -5.49177      10.57920
    -102.28420      21.85615       4.96300
    -133.52696      68.30619       6.54032
    -110.33074      24.14527       4.62350
     -68.51050      63.75596       3.84008
     -70.13171     -20.27354       4.73155
     -73.26871      -3.76735      11.13126
     104.31618      52.21902       4.51008
     104.31624      52.21902       5.17211
      44.43840      33.34141       4.61816
     -87.05583       5.54434       9.21499
    -109.34441     -27.12498       6.06920
      29.01934      41.10445       6.05513
     132.89390     -12.65885       6.91653
     132.89453     -12.66015       8.31575
     -76.78087      17.93902       8.49821
      57.76390      25.64949       4.61593
      42.10363      16.69918       6.30789
      30.09616      62.39117       4.81936
      21.03235      52.09784       4.64353
      21.03154      52.09727       5.31337
    -118.17323      34.20482       4.84815
    -118.17430      34.20158       4.27879
      35.20245      31.77115       5.74013
     -81.70148      30.48404       8.54902
      35.14506      33.02282       6.00455
     169.77516     -43.60839       4.85610
       8.41126      49.01125       5.79956
     117.09719     -20.98143       4.72492
     132.15327     -14.37600       7.55393
     132.15250     -14.37508       8.17768
      27.78078      35.95148       6.16932
      35.68828      32.99525       7.66344
     120.97774      13.98688      11.85219
    -122.89607      46.11818       5.95398
     -50.94484      66.98742       5.02927
    -151.35018      60.67508       6.88223
      70.25552     -49.35147       6.60033
      70.21793     -49.35218       7.53884
     139.48853      35.70677       4.58639
     139.48812      35.71034       5.91197
     135.04616      48.52145       4.45585
      36.23901      50.00510       6.53070
      -5.05234      58.45877       4.61014
      21.06024      67.87758       7.05932
     172.92290       1.35458       7.51597
      20.96845      67.85735       5.72335
      66.88545      39.13477       6.79744
      21.11888      55.71536       4.71461
     -63.52739      81.25271       5.32245
    -152.19343      57.61769       6.52224
    -152.50138      57.73511       5.17463
    -159.75817      21.98349       7.68488
    -159.66493      22.12626       5.97816
      -3.90241      47.86575       3.65580
      13.72456      45.54811       4.84659
       5.80964      52.17843       4.62077
     -52.80597       5.25219       7.54094
     164.28734     -20.55869       5.16503
     -52.63975       5.09847       7.97227
     -52.80596       5.25218       7.15803
      70.25551     -49.35154       6.62509
      17.12503      39.07994       5.20325
      92.79383      55.99325       6.47111
      78.61906      50.71395       6.77477
     140.65767      35.95537       6.74064
     -35.57631      66.86328       4.42030
      33.96946      44.39289       7.95647
     103.13915       5.31889       8.66733
     -57.22705      74.58062       4.63884
     -37.14936      65.57933       4.90135
      78.19039      41.86353       4.55040
     102.79720      25.02954       7.18379
     -77.74544      55.27836       5.65698
      47.97149      29.32497       5.19394
     167.73024       8.72221       9.97985
     -81.75428      24.55369       6.20768
     -81.65303      24.58227       6.12581
     146.99319      -6.67371       7.10457
      -8.66838      37.09894       3.63757
     -61.16311      14.81296       8.89012
      20.66994      53.89240       4.89064
      12.60566      35.49977       4.96387
     133.21276     -15.57316       6.90652
     177.44658     -17.60881       6.51419
      80.95589      26.91244       8.77559
     159.07852     -31.54146       5.24163
    -118.32175      34.13460       4.64791
     -85.03119       9.94537       7.05161
      91.10399      29.65734       5.71200
      34.86631      31.37782       4.79843
      91.10403      29.65733       5.43194
     -65.59525     -38.00266       4.87674
    -159.33925      21.98456       7.47447
      -3.01823      53.44970       3.87545
     -95.14575      29.91346       6.26014
     -57.85074     -51.69841       4.44943
       1.97305      42.47813       5.84251
     -60.99618      14.59482       7.03220
     -97.48074      36.68545       4.18222
     159.06120     -31.51989       5.21344
       1.75020      52.47323       4.52192
     -17.89383      28.76387       4.04273
    -110.31935      24.13880       4.13905
     -57.93230     -34.90675       5.98030
     167.26378     -20.91799       6.73783
      -4.76040      48.44626       3.57670
      -1.21932      46.15894       3.69953
      -1.14027      60.15405       3.81080
     -40.19805      64.43048       6.26142
     172.72222     -43.60584       4.80352
     158.93583     -54.49953       3.84516
      -4.24966      40.42916       6.15169
     168.05759     -14.96807      11.47844
     150.77002      59.57575       3.50217
     171.36452       7.11915       6.78974
      40.19414      -2.99606       4.53977
      -4.39353      36.72612       4.69134
      73.52629       4.18868       9.17428
      40.19440      -2.99591       8.63146
       2.62455      39.55263       5.59619
     -86.24899      12.14894       7.06403
     -51.09734       0.04669       9.50487
      17.25853      60.59514       4.99716
     -71.62443      10.67398      10.79869
     -65.69462      77.18704       4.88915
      37.86099     -46.87646      11.15492
       5.35379      43.27877       5.40695
     -15.63328      27.76374       3.82401
      16.70455      40.64906       4.97133
      16.70446      40.64913       4.55773
    -156.25702      20.70665       4.38164
      62.87072     -67.60477       3.53508
     -67.15887      18.21759       7.66259
      30.73788      -0.60147       4.82007
     -82.53232      27.84982       5.97476
     153.97866      24.29009       4.51667
     166.66933     -77.83835       8.30577
    -104.01499      30.68051       5.71139
     -76.45388      38.31892       5.08454
      37.21450      56.02149       5.62384
      37.22359      56.02748       7.94500
      11.64681      44.51996       5.29101
     -89.62032      20.98005       5.81535
      34.25585      36.56639       7.87055
      24.39532      60.21747       4.84717
      24.39533      60.21748       6.42421
      25.53997     -25.80502       4.70541
     -69.39792     -35.77735       4.19108
    -121.64258      37.34153       4.25182
     -80.16017      25.73281       6.05587
    -120.35139      34.03826       4.95696
      31.97284      46.97278       5.59796
     -87.88845      43.00254       6.67882
     141.13283      39.13517       5.45883
    -155.45634      19.80135       5.45671
     -87.39181      32.09026       6.94308
     -88.02410      30.22752       6.54413
      36.56971      55.11488       7.85180
      36.56952      55.11488       8.00507
     144.97534     -37.82941       3.34330
    -116.42235      32.89194       4.55341
      -1.68550      55.21279       5.75741
     -57.57130     -38.00577       4.95833
     -57.53114     -38.03560       6.40498
    -105.24920      20.67900       6.29128
     172.65470     -43.70273       4.33114
    -109.71764      23.16045       5.12304
     170.46494     -43.98570       5.41548
    -100.31291      25.71551       5.69177
      85.52122      27.69272      11.29530
     -61.68872      56.53698       4.40264
      42.04465      19.21142       4.69772
    -124.08648      49.29481       5.91670
     -81.77629      26.14864       7.01195
     -77.46226      25.05254       6.75789
     166.92555      -0.55173       6.34143
     -60.05502      -3.02292      22.39349
     -75.75134      36.18168       4.58455
     -89.61028      30.35628       6.00042
    -124.62491      48.29786       6.96357
     -47.92497     -25.02024       7.16319
      -5.54279      50.10303       4.59851
       7.22726      43.70326       4.52234
      33.39645      35.14099       4.93472
    -105.26260      39.99507       5.07443
    -105.26225      39.99543       5.21166
    -169.92707     -19.07653       5.85660
     -74.80290      39.10067       4.32552
     -74.53082      39.47452       4.90218
     -74.17770      40.74148       5.04892
       9.67212       0.35391       5.62770
     -91.57490      41.77159       6.01049
     166.44251     -22.26479       5.44145
     116.19272     -31.04874       3.83095
     -44.90106      61.63188       6.43834
     167.93883     -29.04335       5.00501
      14.98979      36.87584       5.18481
      14.98981      36.87611       5.20470
     166.41020     -22.26985       5.06481
      82.90949      55.03050       7.92391
      -0.33964      51.42098       3.92086
     174.11817     -39.18256       7.15229
     -71.32754      41.50985       4.64136
     -75.62383      45.45416       5.71187
      35.03604      30.03842       4.39509
      88.35978      69.36183       6.19679
     -77.02440      38.82075       6.07020
     166.48488     -22.22833       5.41406
      -1.43257      55.00891       4.11809
      44.50293      40.22646       4.78428
    -116.97268      32.57931       4.30108
      -1.43987      55.00742       4.88085
     103.67996       1.34580       6.47212
      30.08968      -1.94455       5.05895
      83.23544      54.84061       7.66443
      11.86531      78.92955       5.62240
      11.86509      78.92958       5.87530
     -74.01432      40.70107       5.35633
     -73.73008      40.71953       4.44061
     -96.71674      17.07834       6.33107
      11.27987      48.08617       5.70160
      11.27980      48.08618       4.92321
    -102.31516      31.87393       5.64379
    -117.04177      33.13061       4.52412
     -57.90133     -63.32108       5.74196
     -57.90139     -63.32109       5.73788
     -57.90034     -63.32072       7.63363
     -88.86248      34.09026       7.59579
      11.92552      57.39530       4.30890
       2.92229      51.22541       4.13994
       2.33494      48.83592       4.32503
      20.79405      41.12731       5.81583
      10.36776      59.73659       5.33222
     127.02403      37.07757       3.87008
      -1.51250      12.35639       6.53415
     170.51093     -45.86947       4.23992
     170.51092     -45.86950       4.77433
     -96.05488      16.51997       7.31980
    -123.72620      38.92835       3.42967
     140.85831      43.20953       7.64513
     139.48919      42.07879       4.87981
     140.85921      40.89750       5.09498
     139.70346      39.94212       4.17637
     139.54596      38.56334       4.95337
     140.96241      37.83079       4.61542
     140.24945      35.12938       4.98231
     139.61553      35.16015       6.09197
     138.28125      37.81476       4.25164
     138.50851      37.35654       4.71191
     136.90032      37.40573       6.43764
     136.14884      36.25458       4.46124
     139.13296      34.89549       7.27378
     138.76420      34.80690       6.12591
     138.32741      34.87067       5.32330
     136.82384      34.90397       4.95494
     135.19154      34.14415       4.94225
     134.31593      35.59369       4.52124
     131.60465      34.62759       4.93032
     133.24350      33.33350       5.50709
     129.84929      33.47308       5.39672
     131.66960      32.42862       5.32641
     130.19106      32.01741      10.35381
     127.82467      26.17947       5.02394
    -124.23704      40.69109       4.10284
     141.68533      45.40782       4.11504
     144.28579      44.01941       4.00025
     144.37140      42.97557       3.54640
     140.72453      41.78166       4.33276
     139.82492      34.91879       4.29002
     137.22457      36.76217       4.85327
     135.77319      33.47595       5.07149
     132.06621      34.89731       4.59619
     129.86620      32.73512       6.22247
     131.40930      31.57697       6.79323
     127.66521      26.21333       6.37615
     142.19461      27.09394       6.54507
    -122.21906      37.86390       4.09600
    -121.90541      36.62168       6.13251
    -124.25348      43.39552       4.25605
    -123.50328      48.05955       6.66312
      11.89606      45.41115       4.45851
      80.70262       7.27275      10.64845
     -64.05112     -64.77509       4.96567
    -149.57272     -17.53308       8.22551
     -75.17633      40.01316       4.94146
     -49.23095     -25.44837       5.76234
     -70.87988     -53.13695       6.93975
     148.26461     -32.99877       4.00328
      -1.93152      43.32176       4.41249
    -106.41393      31.76977       6.43634
      21.78675      38.28366       5.68367
     -95.71851      31.77827       7.82798
      98.52622      -0.03160       7.59997
      -2.45748      50.52178       3.66759
    -122.41895      37.85305       4.92568
      92.71225      11.63781       6.94311
      92.71214      11.63778       6.49567
     -87.18942      30.46902       5.78452
     -25.66276      37.74775       4.76770
      19.28153      47.78960       5.17970
     115.88525     -31.80197       4.57956
     158.60708      53.06673       5.12628
     158.65013      53.02330       5.21576
    -123.45113      48.64853       5.43255
      31.34340      29.86155       6.00030
     -90.16197      51.47981       5.28703
    -108.11893      34.30151       3.87308
     121.07773      14.63572       7.65232
    -116.45816      33.61216       5.76690
    -117.24303      32.66542       3.59475
     -34.03346      66.89773       4.89135
     -15.40761      28.14671       4.46459
      -1.11120      50.80233       4.13415
      -4.12618      50.41647       3.91144
     -85.67819      30.20459       5.57291
     147.36601      -2.04323       7.34804
     -51.11976     -30.07404       6.44240
     158.21012       6.95994       9.27652
      74.69427      42.67977       4.32038
      34.54293      49.60261       5.11029
     -70.70953      43.07102       6.14695
    -116.59086      32.61841       4.23951
      13.06609      52.37930       4.53787
     -63.89632      -8.70934      12.99383
    -122.38995      37.18709       5.42483
     -51.40853     -22.11990       7.27389
     -97.51925      34.97987       5.12687
    -114.29350      50.87135       4.80737
      28.22404     -25.74635       4.79748
       5.37271      43.27676       4.96779
     -67.04537      17.97040       6.46447
     121.04077      14.53544       5.90936
      10.45975      52.29619       4.65679
     150.91370     -34.47555       4.67089
     141.61347     -38.34440       3.76113
    -123.01872      37.99617       4.36708
    -124.25520      41.78274       4.88188
     138.48572     -35.09470       3.74531
     -67.06696      18.46298       7.41711
     -67.06684      18.46319       7.70007
    -118.40425      33.74330       4.09261
    -118.40425      33.74329       3.74040
     -52.68837      70.74040       5.29135
     -46.04776      60.71526       3.80812
     -64.03367      67.55934       4.15148
    -125.33083      50.13250       7.19429
     169.81583     -43.53166       7.28685
     -78.49361      -0.21516       5.06376
    -120.94443      39.97455       6.81069
      -6.85429      33.99810       4.19740
      34.76314      30.59761       4.08147
      32.07838     -28.79555       5.54636
    -119.72000      34.49998       4.52534
      36.89348      -1.22083       4.72618
     -80.38407      25.61410       5.71485
     -34.95152      -8.05096       6.62128
     -75.56998      39.56145       5.78551
       5.14488      50.00150       4.14780
      17.11753      54.47238       4.48508
     -94.89369      74.69082       4.42694
      55.57172     -21.20823       7.01733
     -21.95549      64.13878       4.28637
     -21.95548      64.13879       4.49691
     -77.42966      37.53790       5.36985
      24.05877      56.94862       5.20230
     -50.99396      71.84850       5.40217
     -67.75112     -53.78547       3.89957
     -67.80281      -9.96546      10.99241
     -78.65111      -1.65060       5.62771
      -6.20626      36.46427       4.75242
     163.19011     -77.03444       4.37542
     -52.95209     -22.52330       6.79249
      -3.96573      48.71844       4.09192
     -68.12578     -67.57139       6.29699
     150.79008     -23.16099       6.52604
     -65.10725     -43.29888       5.63003
     -76.70935      39.25463       4.78495
     -74.23440      40.68053       4.38808
     -66.64234      45.95014       4.60583
     137.93433     -32.47029       4.51962
      -1.80579      46.53003       4.71732
    -125.24986      71.99033       5.19211
     -83.83777      43.62864       5.88525
     -67.05778      -0.14385      10.29597
     -44.21248      -2.59346       7.53328
     -38.51236     -13.00867       7.81715
    -171.73842     -13.84921       7.86639
      98.71472       3.62161       8.95737
     167.20320     -15.44714       7.16799
     -70.66855     -33.15029       4.68467
    -121.44718      36.76530       4.20409
       9.40251      41.85833       6.22875
      -2.76981      47.52449       3.40272
    -106.39835      52.19626       4.65840
      13.64329      54.51359       5.35188
     -81.69634      32.13860       5.77724
     -38.43225     -12.93925       5.75080
      17.87921     -29.66933       4.36390
    -122.41044      37.68622       6.97452
    -123.00761      48.54619       5.87818
     -79.93800      32.78292       5.68201
     -66.83262      54.83209       5.12589
     -79.92536      32.77948       6.06831
     -78.73525      33.93993       5.18634
      -6.29580      49.91456       4.02018
    -118.48794      32.91443       4.54423
      -1.68168      43.39523       4.60838
     -21.95034      70.48533       4.42037
     -75.76232      20.01206       6.74199
    -122.30948      47.65398       6.18825
      77.01690      43.17873       5.72380
       3.69912      43.39765       4.11576
      55.47940      -4.67372       9.70437
      -6.20565      36.46435       4.00709
      25.04655      60.20019       5.08106
     -73.12496      40.91468       5.24777
     -99.18861      19.74124       6.53566
     126.95553      37.46252       6.59167
      24.96116      60.20385       4.64892
      79.87417       6.89207       6.72108
     121.20044      31.09964       5.08314
      75.31547      42.62071       5.55602
     -64.55201      46.22069       4.28741
       0.74341      51.44568       5.39447
     -74.01160      40.47149       5.15594
       0.82702      51.55479       4.01880
      18.43957     -34.18794       5.78510
    -117.25041      32.86470       3.93967
    -117.24969      32.84073       4.49067
       4.67658      45.87908       3.98522
      21.04829      64.87920       5.01828
     -95.19678      16.16843       8.40027
      55.28802     -21.19596       9.50248
     135.93695      33.57786       5.54303
      -2.02747      48.64108       4.90765
     -79.15806      35.47353       4.45136
    -119.52436      33.24787       4.66745
      23.39473      42.55609       6.39189
     -76.45389      38.31888       5.35313
      46.40057      24.91068       3.30636
     -61.66272      16.04498       9.02368
     147.93085     -42.54644       4.62724
    -118.64616      34.05934       3.95272
      16.43845      43.50664       5.15326
    -115.46586      31.04504       4.81538
      12.89135      57.71496       4.06762
     -54.39370      72.91068       4.65903
    -120.06522      34.00433       4.63152
     -38.51648     -12.97516       6.92964
     -89.11660      13.69709       6.74959
       5.59862      59.01771       4.10153
      -5.66735     -15.94253       4.79983
     -52.67830      47.59523       5.84853
     -52.67775      47.59524       4.39740
     141.84482      43.52865       6.39467
     -89.75869      38.61109       7.09807
     145.21404     -38.37518       4.04852
     -91.90331      44.30395       4.94888
     149.01005     -35.31553       4.62264
     149.01015     -35.31616       4.80552
     -64.97445      18.34009       7.75914
      24.01449      49.83559       5.48195
      73.99711      44.20813       7.56959
     153.03530     -27.48489       8.64741
      20.81046     -32.38021       3.95111
      20.81091     -32.38143       3.93629
     127.05424      37.27551       4.72394
      29.78088      60.53286       4.86164
      -3.98177      51.56556       4.04630
      -6.38895      58.20759       3.84772
     151.15038     -33.78088       4.12939
      39.58374     -69.00696       4.16714
    -117.67828      34.38185       5.39783
    -149.60619     -17.57703       7.59151
     174.76989     -36.84360       5.26582
      72.21045      42.44547       6.43423
      -0.86172       9.55426       6.98690
     -97.86403      22.27832       6.08519
      39.20792      -6.76559       6.78833
      -5.60262      36.00851       6.33409
      69.29557      41.32805       5.07924
    -149.47553     -23.34180       5.68640
      51.33409      35.69728       3.63991
      34.78090      32.06800       4.86171
     -27.15299      38.71899       6.93077
       5.21939      53.36274       5.15710
      -5.36301      35.56164       7.09042
    -125.90784      49.15414       6.02033
       6.74792      53.55743       5.31669
       8.85917      54.12174       4.86175
       8.68705      54.73051       5.28080
       7.55475      58.00638       4.41205
       7.18628      53.33677       6.70407
       7.03068      53.32717       5.89054
       8.09264      53.77171       7.94711
      15.65103      38.10832       6.98017
    -149.60645     -17.57706       6.82700
     -68.78801      76.53734       8.46196
     -68.82504      76.53705       4.51282
    -122.44760      37.89087       5.01398
     148.98000     -35.39920       5.33461
     -42.28615      62.53554       5.58423
       6.43163      51.03531       4.76323
     128.86642      71.63447       6.01444
     128.86639      71.63446       7.84170
       1.48089      43.56069       4.03504
    -105.23271      40.13093       8.81618
     -16.24115      28.47718       6.33549
     -85.37805      35.39048       5.05300
     120.98734      24.79795       4.82282
      11.99995      42.06401       4.15239
    -175.17922     -21.14471       6.77334
     -48.33068     -10.17105      10.58836
       7.66128      45.06337       6.46983
    -118.33060      33.79780       4.21182
      -6.76452      62.02330       5.47964
       1.48076      43.56077       4.65966
     147.05569     -19.26928       5.56768
      39.77556      40.99471       5.73321
    -117.80343      33.61793       5.04028
      10.31916      63.37138       5.35905
     -41.37507      64.27707       6.32358
      13.76352      45.70976       4.38017
      18.93965      69.66272       4.94722
      18.93833      69.66275       4.99364
     140.08750      36.10568       6.10333
      29.45068      40.78673       5.08066
      24.07056      35.53319       4.98371
     -65.23035     -26.84326       7.43317
    -132.99435      69.43824       5.02850
     179.19656      -8.52529       7.00721
     -94.77264      29.32787       6.20483
     -94.78930      29.28514       5.45620
    -118.44191      34.06912       4.77761
    -125.54164      48.92564       5.41883
     -70.40927     -23.67897       4.86180
    -104.40153      19.12410       6.46605
    -122.45815      37.76297       4.16770
     107.05233      47.86507       3.75864
      31.42092     -28.29312       5.10883
      -5.15937      57.89497       5.87526
     116.11203       6.03923       7.28321
     -66.64170      45.95021       6.21552
     -99.18130      19.31270       6.37069
      12.35570      43.11939       5.12407
     -86.86817      20.86850       6.44005
     -65.40764     -24.72746       5.97397
      11.87793      45.40672       5.18483
    -155.88381      20.24589       9.55264
      87.60067      43.80795       5.23492
    -118.28511      34.02395       5.85335
    -120.66109      35.31180       5.38320
    -109.68105      29.82165       4.92276
     -77.06627      38.92057       4.85223
     -76.47939      38.98335       6.77329
     -77.06623      38.91896       5.68591
     138.36204      36.13311       8.46977
      22.29762      48.63198       5.62826
      21.77064      62.96119       8.19366
      13.72418      49.13379       4.68080
      57.49704     -20.29708       7.23119
     -76.49937      37.24862       5.78666
     -77.56417      48.09706       5.70297
      -0.33765      39.48083       4.36629
     -71.63503     -33.02793       6.61435
     -71.62609     -33.02724       3.99713
    -120.56351      34.82661       5.18149
     168.31515     -17.74397       6.32977
      31.03119      70.33637       4.72690
     168.15611     -15.48254       8.67592
     -62.26923     -38.70077       5.70030
     -99.21732      36.07171       5.26770
      12.35408      45.43057       4.85181
      12.33198      45.43698       7.16334
      -2.84178     -71.67380       4.58606
      -8.81307      42.18398       3.84405
     -64.79813      17.71618       7.89142
      16.55993      64.69785       5.39165
     168.31950     -17.72889       7.33755
      -3.95198      40.44359       4.25650
     -75.68701      37.60835       4.86509
      18.36732      57.65387       4.97636
     -64.96921      18.34333       7.41460
       3.59733      51.44288       4.30773
     -64.25416     -65.24601       4.54993
    -120.61645      34.55631       6.39271
     -72.30861      18.52868       7.89516
    -118.29382      33.71264       3.91509
     -72.47757      43.28147       5.13047
       7.46425      46.92375       3.97526
     174.66278     -36.43441       5.14979
      12.10142      54.16979       4.31872
     -77.06623      38.92045       5.37535
     -77.06630      38.92057       4.91910
     174.77871     -41.27265       6.01926
     -71.49333      42.61334       4.99907
       1.13034      52.94487       4.46491
     174.80589     -41.32346       5.11279
     174.78159     -41.29044       5.76928
    -118.03117      33.97988       4.70615
    -135.22211      60.75051       6.09733
     154.22012     -79.84570       5.13063
    -116.39178      33.93476       5.94144
    -122.16781      52.23687       5.47287
      17.08943     -22.57492       4.55570
    -122.14057      37.65264       6.56012
     -92.01521      46.70506       5.28006
      18.41875      54.79676       5.06430
     -92.78191      31.89723      11.13005
     153.03527     -27.48496       5.69030
    -118.42761      33.95815       6.03762
      17.06204      51.11326       4.87232
    -122.92119      50.12654       9.13080
    -106.34983      32.40714       6.08159
       6.60451      52.91461       4.29465
      12.87890      49.14423       4.27487
      12.87893      49.14420       4.84991
      12.87891      49.14420       4.65083
      12.87863      49.14479       4.52341
      12.87894      49.14423       4.86568
      12.87890      49.14421       4.52341
     114.35726      30.53165       6.56062
     -83.10815      29.63101       5.90995
     109.22149      34.36867       5.06020
     105.68850     -10.44997       6.47790
     129.68030      62.03096       5.63820
     115.34698     -29.04655       5.99723
     115.34715     -29.04650       3.25711
     115.34697     -29.04659       4.62669
     -63.67998     -22.01710       6.19983
      -3.08863      40.52490       4.42168
    -114.48084      62.48132       5.18145
    -114.48070      62.48089       5.07936
      56.11233      22.18646       4.03872
      -5.24009       6.87056       5.41888
      34.92827      30.99157       4.07134
     142.71672      47.02974       5.37323
      28.31101     -15.42554       6.45113
      41.56507      43.78839       5.55593
       3.20823      51.33586       3.76333
    -157.92082      21.31299       7.02054
       7.46503      46.87709       4.23258
       7.46510      46.87714       4.79812
       7.46528      46.87710       4.46523
     -65.99348      18.43134       7.02577
      36.75839      55.69928       6.47847
      36.75863      55.69928       7.88192
